0 0.175000 0.886250 0.030000 0.047500
2 0.831667 0.393750 0.126667 0.137500
3 0.855833 0.760000 0.178333 0.290000
2 0.410000 0.406250 0.140000 0.172500
1 0.284167 0.323750 0.068333 0.097500
1 0.680833 0.580000 0.111667 0.165000
1 0.930833 0.948750 0.035000 0.042500
3 0.061667 0.531250 0.100000 0.147500
0 0.375000 0.255000 0.063333 0.105000
1 0.641667 0.835000 0.110000 0.180000
2 0.766667 0.523750 0.053333 0.057500
2 0.657500 0.173750 0.071667 0.092500
3 0.678333 0.241250 0.213333 0.282500
0 0.368333 0.266250 0.040000 0.057500
3 0.605000 0.695000 0.060000 0.045000
3 0.745000 0.115000 0.063333 0.145000
1 0.652500 0.621250 0.031667 0.032500
1 0.464167 0.215000 0.035000 0.075000
0 0.542500 0.600000 0.161667 0.245000
3 0.378333 0.250000 0.040000 0.050000
2 0.103333 0.243750 0.093333 0.177500
0 0.530833 0.206250 0.138333 0.172500
2 0.293333 0.858750 0.113333 0.182500
3 0.507500 0.785000 0.038333 0.110000
3 0.391667 0.666250 0.043333 0.072500
2 0.095000 0.510000 0.113333 0.145000
