1 0.684167 0.598750 0.145000 0.202500
0 0.575000 0.343750 0.153333 0.217500
0 0.178333 0.715000 0.043333 0.060000
0 0.378333 0.772500 0.140000 0.255000
1 0.520833 0.680000 0.071667 0.105000
1 0.117500 0.783750 0.191667 0.217500
1 0.778333 0.677500 0.116667 0.140000
2 0.375833 0.752500 0.038333 0.105000
3 0.319167 0.403750 0.191667 0.252500
1 0.896667 0.877500 0.073333 0.115000
0 0.883333 0.636250 0.090000 0.117500
0 0.248333 0.771250 0.126667 0.197500
1 0.580000 0.178750 0.046667 0.052500
0 0.603333 0.618750 0.040000 0.062500
2 0.492500 0.781250 0.105000 0.122500
1 0.155833 0.036250 0.061667 0.057500
1 0.418333 0.473750 0.103333 0.107500
0 0.611667 0.191250 0.040000 0.062500
1 0.265833 0.507500 0.111667 0.145000
3 0.325000 0.575000 0.260000 0.275000
0 0.097500 0.186250 0.085000 0.132500
0 0.750833 0.556250 0.081667 0.107500
3 0.635833 0.043750 0.068333 0.072500
2 0.825833 0.292500 0.035000 0.100000
1 0.513333 0.708750 0.070000 0.127500
2 0.291667 0.158750 0.200000 0.287500
0 0.769167 0.812500 0.085000 0.155000
1 0.815833 0.222500 0.128333 0.165000
3 0.179167 0.752500 0.081667 0.090000
2 0.282500 0.415000 0.121667 0.200000
2 0.327500 0.835000 0.058333 0.155000
2 0.514167 0.442500 0.131667 0.170000
3 0.620833 0.666250 0.058333 0.127500
1 0.335833 0.602500 0.081667 0.215000
1 0.259167 0.297500 0.055000 0.115000
