1 0.543333 0.741250 0.040000 0.077500
2 0.666667 0.845000 0.120000 0.220000
2 0.797500 0.551250 0.091667 0.132500
3 0.651667 0.538750 0.090000 0.057500
0 0.890833 0.416250 0.138333 0.177500
0 0.288333 0.585000 0.113333 0.175000
2 0.546667 0.465000 0.096667 0.145000
0 0.113333 0.483750 0.116667 0.142500
1 0.331667 0.756250 0.066667 0.067500
2 0.847500 0.823750 0.265000 0.277500
0 0.213333 0.586250 0.176667 0.267500
0 0.063333 0.432500 0.103333 0.165000
0 0.330833 0.535000 0.101667 0.120000
0 0.771667 0.216250 0.123333 0.182500
1 0.744167 0.570000 0.075000 0.065000
0 0.118333 0.667500 0.123333 0.160000
1 0.217500 0.466250 0.098333 0.147500
2 0.785000 0.286250 0.086667 0.157500
0 0.336667 0.362500 0.076667 0.110000
0 0.768333 0.177500 0.053333 0.100000
1 0.082500 0.386250 0.115000 0.157500
0 0.325000 0.485000 0.063333 0.095000
2 0.071667 0.063750 0.046667 0.052500
1 0.560000 0.623750 0.090000 0.182500
3 0.867500 0.345000 0.108333 0.100000
3 0.895000 0.478750 0.070000 0.162500
0 0.714167 0.128750 0.065000 0.107500
3 0.535000 0.467500 0.113333 0.180000
0 0.432500 0.691250 0.115000 0.187500
0 0.449167 0.290000 0.048333 0.060000
0 0.826667 0.415000 0.056667 0.075000
1 0.135000 0.802500 0.093333 0.135000
3 0.115000 0.828750 0.050000 0.187500
2 0.264167 0.591250 0.151667 0.207500
3 0.610000 0.185000 0.086667 0.085000
1 0.670000 0.200000 0.113333 0.230000
2 0.669167 0.720000 0.158333 0.200000
2 0.857500 0.488750 0.028333 0.042500
1 0.305833 0.330000 0.048333 0.075000
1 0.935833 0.273750 0.058333 0.092500
0 0.167500 0.680000 0.081667 0.165000
1 0.647500 0.542500 0.141667 0.160000
0 0.883333 0.495000 0.153333 0.205000
0 0.634167 0.525000 0.085000 0.100000
2 0.670000 0.273750 0.090000 0.152500
2 0.059167 0.265000 0.031667 0.055000
1 0.211667 0.778750 0.116667 0.167500
3 0.775833 0.612500 0.058333 0.045000
0 0.658333 0.366250 0.083333 0.112500
