2 0.220833 0.152500 0.018333 0.065000
3 0.506667 0.480000 0.026667 0.065000
0 0.130000 0.222500 0.056667 0.095000
2 0.763333 0.300000 0.136667 0.150000
1 0.900000 0.375000 0.063333 0.120000
2 0.150000 0.768750 0.076667 0.107500
0 0.350833 0.802500 0.055000 0.085000
2 0.627500 0.075000 0.108333 0.150000
3 0.828333 0.227500 0.030000 0.030000
0 0.742500 0.832500 0.165000 0.255000
1 0.166667 0.273750 0.026667 0.032500
2 0.365000 0.226250 0.106667 0.172500
0 0.536667 0.436250 0.173333 0.207500
1 0.701667 0.042500 0.050000 0.085000
3 0.895833 0.232500 0.108333 0.070000
3 0.162500 0.106250 0.061667 0.087500
1 0.255000 0.412500 0.066667 0.145000
1 0.656667 0.101250 0.040000 0.072500
0 0.120833 0.361250 0.138333 0.252500
0 0.266667 0.372500 0.110000 0.200000
2 0.602500 0.630000 0.068333 0.105000
1 0.488333 0.211250 0.033333 0.067500
3 0.902500 0.138750 0.078333 0.072500
3 0.260000 0.487500 0.053333 0.115000
1 0.220833 0.447500 0.095000 0.090000
0 0.515833 0.325000 0.045000 0.065000
2 0.491667 0.518750 0.106667 0.172500
1 0.255000 0.793750 0.066667 0.092500
2 0.214167 0.198750 0.031667 0.052500
0 0.213333 0.601250 0.130000 0.182500
3 0.222500 0.747500 0.135000 0.110000
0 0.347500 0.467500 0.091667 0.145000
2 0.544167 0.735000 0.055000 0.055000
2 0.723333 0.343750 0.093333 0.192500
2 0.535000 0.688750 0.080000 0.082500
3 0.145000 0.217500 0.063333 0.050000
