0 0.835833 0.683750 0.078333 0.132500
3 0.840833 0.726250 0.128333 0.082500
0 0.707500 0.703750 0.085000 0.137500
2 0.934167 0.038750 0.048333 0.072500
3 0.465833 0.273750 0.081667 0.087500
0 0.167500 0.795000 0.051667 0.075000
0 0.364167 0.100000 0.118333 0.150000
3 0.392500 0.220000 0.058333 0.050000
2 0.399167 0.640000 0.055000 0.120000
3 0.855000 0.155000 0.050000 0.135000
3 0.840833 0.516250 0.125000 0.127500
3 0.624167 0.222500 0.078333 0.080000
2 0.127500 0.606250 0.035000 0.092500
1 0.878333 0.340000 0.080000 0.105000
3 0.209167 0.806250 0.078333 0.092500
1 0.297500 0.391250 0.035000 0.047500
0 0.147500 0.523750 0.118333 0.212500
3 0.808333 0.095000 0.086667 0.150000
1 0.490000 0.727500 0.080000 0.090000
2 0.115833 0.806250 0.071667 0.107500
1 0.340833 0.177500 0.148333 0.160000
0 0.618333 0.142500 0.070000 0.085000
2 0.731667 0.316250 0.103333 0.197500
0 0.395000 0.351250 0.133333 0.167500
3 0.823333 0.505000 0.073333 0.170000
2 0.100833 0.470000 0.111667 0.185000
2 0.290000 0.186250 0.136667 0.192500
3 0.094167 0.195000 0.091667 0.105000
1 0.095833 0.546250 0.045000 0.052500
0 0.399167 0.656250 0.158333 0.182500
1 0.074167 0.386250 0.041667 0.087500
2 0.206667 0.441250 0.086667 0.172500
2 0.299167 0.522500 0.068333 0.105000
3 0.646667 0.571250 0.160000 0.277500
2 0.689167 0.583750 0.058333 0.132500
3 0.735000 0.560000 0.086667 0.075000
1 0.068333 0.768750 0.106667 0.127500
2 0.822500 0.450000 0.058333 0.070000
