3 0.534167 0.220000 0.031667 0.050000
1 0.540000 0.161250 0.116667 0.172500
0 0.559167 0.776250 0.098333 0.147500
1 0.293333 0.785000 0.053333 0.115000
1 0.625000 0.436250 0.096667 0.192500
3 0.381667 0.107500 0.043333 0.025000
0 0.135833 0.248750 0.095000 0.212500
0 0.705000 0.242500 0.030000 0.040000
0 0.836667 0.655000 0.150000 0.265000
1 0.118333 0.318750 0.113333 0.157500
0 0.084167 0.326250 0.105000 0.157500
1 0.830000 0.353750 0.060000 0.067500
0 0.851667 0.877500 0.066667 0.110000
2 0.436667 0.508750 0.130000 0.192500
0 0.135833 0.730000 0.141667 0.235000
2 0.837500 0.688750 0.048333 0.072500
2 0.529167 0.097500 0.061667 0.185000
3 0.896667 0.333750 0.026667 0.057500
0 0.615833 0.025000 0.031667 0.035000
3 0.505000 0.808750 0.106667 0.172500
0 0.792500 0.415000 0.171667 0.255000
3 0.068333 0.590000 0.053333 0.050000
1 0.705000 0.363750 0.093333 0.192500
2 0.099167 0.126250 0.135000 0.237500
0 0.083333 0.625000 0.090000 0.130000
0 0.265833 0.598750 0.078333 0.127500
0 0.166667 0.417500 0.063333 0.150000
3 0.539167 0.823750 0.075000 0.047500
0 0.813333 0.381250 0.136667 0.237500
2 0.276667 0.805000 0.160000 0.150000
0 0.297500 0.306250 0.151667 0.252500
0 0.433333 0.635000 0.170000 0.230000
0 0.670833 0.657500 0.035000 0.060000
1 0.330000 0.490000 0.060000 0.090000
1 0.072500 0.906250 0.061667 0.107500
0 0.079167 0.795000 0.111667 0.185000
0 0.267500 0.212500 0.128333 0.210000
