2 0.820833 0.312500 0.091667 0.225000
0 0.360000 0.855000 0.163333 0.220000
0 0.821667 0.816250 0.053333 0.077500
1 0.111667 0.336250 0.030000 0.052500
0 0.304167 0.602500 0.081667 0.110000
0 0.799167 0.495000 0.095000 0.130000
3 0.647500 0.073750 0.071667 0.082500
3 0.682500 0.853750 0.055000 0.172500
2 0.429167 0.480000 0.138333 0.130000
2 0.435000 0.262500 0.126667 0.155000
1 0.785000 0.240000 0.030000 0.035000
2 0.474167 0.670000 0.155000 0.250000
2 0.627500 0.130000 0.085000 0.220000
0 0.493333 0.672500 0.116667 0.250000
3 0.364167 0.255000 0.028333 0.105000
2 0.130000 0.750000 0.143333 0.205000
3 0.937500 0.273750 0.051667 0.072500
2 0.783333 0.465000 0.056667 0.150000
0 0.260833 0.707500 0.051667 0.070000
2 0.905000 0.321250 0.086667 0.152500
1 0.585833 0.227500 0.051667 0.090000
0 0.385833 0.548750 0.105000 0.147500
1 0.341667 0.602500 0.076667 0.155000
1 0.298333 0.158750 0.103333 0.142500
1 0.064167 0.557500 0.028333 0.030000
3 0.070833 0.678750 0.111667 0.112500
0 0.847500 0.581250 0.075000 0.087500
1 0.754167 0.178750 0.081667 0.132500
2 0.315833 0.870000 0.068333 0.070000
0 0.450833 0.242500 0.215000 0.295000
1 0.574167 0.343750 0.111667 0.177500
1 0.630833 0.266250 0.058333 0.107500
0 0.280000 0.066250 0.073333 0.102500
0 0.122500 0.178750 0.028333 0.067500
2 0.811667 0.435000 0.126667 0.195000
1 0.644167 0.641250 0.118333 0.172500
2 0.688333 0.595000 0.033333 0.055000
1 0.204167 0.721250 0.108333 0.187500
0 0.094167 0.130000 0.095000 0.170000
3 0.483333 0.662500 0.103333 0.145000
1 0.422500 0.322500 0.045000 0.075000
0 0.237500 0.287500 0.101667 0.125000
1 0.340833 0.695000 0.068333 0.120000
3 0.196667 0.595000 0.096667 0.110000
2 0.606667 0.292500 0.120000 0.105000
