2 0.191667 0.773750 0.023333 0.107500
3 0.050000 0.280000 0.040000 0.050000
0 0.660833 0.538750 0.091667 0.132500
0 0.602500 0.576250 0.081667 0.122500
1 0.056667 0.873750 0.043333 0.047500
0 0.389167 0.570000 0.115000 0.190000
1 0.838333 0.921250 0.030000 0.032500
2 0.309167 0.466250 0.081667 0.127500
1 0.312500 0.490000 0.078333 0.125000
2 0.334167 0.603750 0.045000 0.087500
3 0.218333 0.311250 0.036667 0.052500
3 0.861667 0.651250 0.066667 0.072500
0 0.370000 0.303750 0.053333 0.127500
3 0.619167 0.845000 0.081667 0.075000
3 0.485833 0.642500 0.021667 0.050000
2 0.876667 0.227500 0.113333 0.175000
3 0.111667 0.846250 0.030000 0.027500
0 0.445833 0.068750 0.038333 0.067500
3 0.062500 0.752500 0.025000 0.065000
3 0.650833 0.888750 0.041667 0.092500
0 0.751667 0.373750 0.133333 0.182500
2 0.412500 0.085000 0.051667 0.080000
1 0.460833 0.935000 0.038333 0.050000
2 0.200000 0.668750 0.100000 0.102500
0 0.094167 0.458750 0.068333 0.112500
1 0.552500 0.297500 0.065000 0.110000
3 0.955000 0.825000 0.033333 0.040000
1 0.211667 0.258750 0.116667 0.147500
2 0.712500 0.255000 0.085000 0.175000
2 0.233333 0.677500 0.050000 0.070000
0 0.699167 0.831250 0.035000 0.057500
2 0.670833 0.601250 0.075000 0.147500
