3 0.491667 0.395000 0.066667 0.110000
2 0.288333 0.576250 0.106667 0.192500
0 0.338333 0.331250 0.083333 0.152500
0 0.849167 0.527500 0.035000 0.045000
2 0.654167 0.491250 0.085000 0.082500
2 0.886667 0.597500 0.033333 0.070000
2 0.565833 0.187500 0.078333 0.105000
3 0.180000 0.072500 0.130000 0.145000
3 0.137500 0.505000 0.138333 0.140000
2 0.233333 0.171250 0.086667 0.172500
0 0.423333 0.766250 0.183333 0.262500
1 0.247500 0.585000 0.075000 0.095000
3 0.455833 0.411250 0.111667 0.092500
0 0.361667 0.740000 0.146667 0.165000
0 0.648333 0.526250 0.166667 0.207500
1 0.220000 0.238750 0.150000 0.232500
3 0.829167 0.091250 0.028333 0.027500
0 0.173333 0.187500 0.160000 0.185000
3 0.170000 0.450000 0.040000 0.075000
1 0.292500 0.250000 0.151667 0.195000
3 0.577500 0.441250 0.115000 0.127500
0 0.305000 0.301250 0.036667 0.062500
0 0.602500 0.546250 0.041667 0.062500
3 0.069167 0.222500 0.118333 0.165000
3 0.444167 0.590000 0.091667 0.160000
0 0.420833 0.593750 0.125000 0.202500
3 0.440000 0.516250 0.083333 0.162500
0 0.116667 0.226250 0.163333 0.262500
1 0.518333 0.198750 0.070000 0.092500
0 0.279167 0.488750 0.091667 0.132500
0 0.924167 0.758750 0.138333 0.187500
0 0.085000 0.163750 0.056667 0.137500
0 0.557500 0.536250 0.105000 0.147500
1 0.858333 0.481250 0.123333 0.162500
1 0.151667 0.148750 0.143333 0.182500
3 0.211667 0.270000 0.053333 0.070000
2 0.120833 0.098750 0.128333 0.182500
