2 0.270000 0.256250 0.073333 0.117500
0 0.490833 0.565000 0.105000 0.150000
1 0.660000 0.546250 0.086667 0.162500
3 0.745833 0.162500 0.035000 0.070000
1 0.059167 0.240000 0.041667 0.050000
1 0.610833 0.188750 0.048333 0.082500
0 0.752500 0.845000 0.055000 0.105000
0 0.758333 0.250000 0.063333 0.145000
0 0.177500 0.495000 0.068333 0.115000
2 0.476667 0.662500 0.083333 0.200000
3 0.110000 0.103750 0.056667 0.052500
2 0.659167 0.583750 0.101667 0.092500
0 0.769167 0.206250 0.068333 0.147500
2 0.371667 0.138750 0.106667 0.187500
3 0.777500 0.830000 0.085000 0.110000
1 0.518333 0.826250 0.033333 0.042500
0 0.128333 0.387500 0.110000 0.165000
1 0.140000 0.437500 0.146667 0.175000
1 0.654167 0.066250 0.038333 0.047500
3 0.657500 0.568750 0.098333 0.112500
0 0.750000 0.661250 0.123333 0.162500
3 0.708333 0.236250 0.096667 0.062500
1 0.725000 0.045000 0.050000 0.080000
3 0.528333 0.723750 0.146667 0.247500
0 0.578333 0.270000 0.040000 0.065000
0 0.065833 0.252500 0.108333 0.215000
2 0.503333 0.695000 0.076667 0.070000
0 0.770000 0.635000 0.073333 0.100000
2 0.079167 0.717500 0.071667 0.085000
1 0.813333 0.531250 0.063333 0.107500
1 0.238333 0.178750 0.030000 0.052500
1 0.675000 0.673750 0.050000 0.072500
2 0.580833 0.487500 0.151667 0.160000
0 0.810000 0.723750 0.153333 0.222500
1 0.664167 0.678750 0.101667 0.127500
1 0.265833 0.176250 0.071667 0.102500
1 0.240833 0.120000 0.088333 0.115000
