2 0.213333 0.397500 0.203333 0.190000
0 0.463333 0.566250 0.050000 0.077500
0 0.880000 0.621250 0.140000 0.217500
3 0.082500 0.518750 0.088333 0.062500
1 0.891667 0.686250 0.036667 0.042500
2 0.740833 0.228750 0.051667 0.052500
0 0.866667 0.718750 0.153333 0.232500
1 0.604167 0.218750 0.178333 0.202500
3 0.840833 0.580000 0.055000 0.090000
3 0.608333 0.772500 0.070000 0.165000
1 0.411667 0.216250 0.103333 0.197500
0 0.165000 0.107500 0.066667 0.090000
2 0.376667 0.731250 0.130000 0.142500
3 0.597500 0.077500 0.071667 0.090000
3 0.110000 0.432500 0.133333 0.140000
