1 0.856667 0.801250 0.056667 0.107500
0 0.271667 0.291250 0.056667 0.082500
2 0.226667 0.573750 0.066667 0.087500
3 0.155833 0.562500 0.061667 0.075000
1 0.178333 0.506250 0.083333 0.122500
3 0.578333 0.372500 0.073333 0.060000
2 0.880833 0.786250 0.135000 0.227500
3 0.608333 0.217500 0.083333 0.120000
0 0.540000 0.520000 0.130000 0.190000
3 0.435833 0.125000 0.211667 0.240000
0 0.113333 0.321250 0.150000 0.207500
2 0.260833 0.497500 0.145000 0.120000
3 0.715000 0.573750 0.096667 0.087500
1 0.196667 0.227500 0.043333 0.045000
3 0.404167 0.622500 0.095000 0.075000
0 0.191667 0.511250 0.120000 0.197500
3 0.154167 0.843750 0.058333 0.137500
3 0.515833 0.686250 0.081667 0.182500
1 0.161667 0.516250 0.106667 0.202500
0 0.763333 0.133750 0.170000 0.207500
3 0.510000 0.886250 0.053333 0.057500
0 0.577500 0.851250 0.068333 0.082500
0 0.427500 0.378750 0.115000 0.177500
1 0.680833 0.687500 0.058333 0.075000
3 0.587500 0.190000 0.188333 0.305000
1 0.263333 0.753750 0.136667 0.142500
0 0.044167 0.666250 0.065000 0.117500
1 0.634167 0.328750 0.031667 0.052500
2 0.440000 0.191250 0.093333 0.222500
1 0.840000 0.670000 0.113333 0.205000
3 0.206667 0.471250 0.030000 0.032500
1 0.729167 0.322500 0.031667 0.040000
2 0.107500 0.345000 0.095000 0.200000
3 0.185833 0.610000 0.048333 0.110000
3 0.872500 0.208750 0.041667 0.072500
3 0.180833 0.400000 0.085000 0.150000
1 0.816667 0.576250 0.056667 0.077500
1 0.314167 0.086250 0.091667 0.167500
1 0.325000 0.893750 0.036667 0.052500
3 0.667500 0.625000 0.041667 0.090000
1 0.625000 0.485000 0.166667 0.200000
1 0.333333 0.090000 0.056667 0.065000
0 0.660833 0.366250 0.145000 0.207500
0 0.827500 0.731250 0.145000 0.162500
2 0.452500 0.158750 0.065000 0.242500
1 0.089167 0.602500 0.045000 0.065000
0 0.559167 0.536250 0.111667 0.187500
0 0.240833 0.230000 0.095000 0.160000
0 0.788333 0.611250 0.160000 0.242500
