2 0.298333 0.246250 0.083333 0.192500
0 0.516667 0.713750 0.166667 0.242500
1 0.352500 0.368750 0.068333 0.107500
3 0.704167 0.185000 0.075000 0.170000
3 0.165833 0.082500 0.038333 0.095000
1 0.490833 0.782500 0.091667 0.205000
3 0.028333 0.867500 0.023333 0.050000
3 0.400000 0.622500 0.106667 0.160000
3 0.145833 0.272500 0.231667 0.270000
0 0.606667 0.756250 0.083333 0.132500
3 0.214167 0.493750 0.071667 0.052500
0 0.398333 0.347500 0.050000 0.080000
0 0.206667 0.406250 0.073333 0.122500
1 0.910833 0.085000 0.061667 0.125000
2 0.180833 0.333750 0.131667 0.252500
1 0.479167 0.340000 0.055000 0.130000
3 0.779167 0.432500 0.095000 0.080000
2 0.861667 0.328750 0.070000 0.237500
0 0.819167 0.366250 0.105000 0.137500
2 0.328333 0.136250 0.156667 0.252500
1 0.418333 0.221250 0.080000 0.172500
0 0.500833 0.806250 0.061667 0.112500
1 0.397500 0.703750 0.085000 0.152500
0 0.646667 0.613750 0.130000 0.187500
3 0.453333 0.147500 0.090000 0.110000
3 0.170000 0.582500 0.100000 0.175000
0 0.891667 0.477500 0.076667 0.115000
2 0.295000 0.601250 0.203333 0.237500
1 0.195000 0.311250 0.103333 0.197500
2 0.184167 0.808750 0.041667 0.052500
3 0.059167 0.882500 0.081667 0.095000
2 0.401667 0.626250 0.036667 0.107500
3 0.572500 0.770000 0.111667 0.115000
2 0.297500 0.613750 0.018333 0.072500
3 0.080000 0.433750 0.053333 0.067500
