1 0.406667 0.382500 0.096667 0.200000
1 0.475000 0.810000 0.076667 0.115000
2 0.613333 0.711250 0.146667 0.192500
2 0.471667 0.743750 0.056667 0.262500
0 0.426667 0.613750 0.083333 0.147500
2 0.848333 0.216250 0.073333 0.087500
0 0.828333 0.616250 0.123333 0.212500
3 0.715000 0.350000 0.040000 0.045000
3 0.520000 0.195000 0.103333 0.155000
0 0.625000 0.360000 0.143333 0.185000
3 0.671667 0.672500 0.116667 0.110000
1 0.834167 0.513750 0.098333 0.167500
2 0.865000 0.340000 0.090000 0.115000
1 0.560000 0.477500 0.136667 0.210000
1 0.210000 0.447500 0.090000 0.155000
1 0.252500 0.230000 0.128333 0.145000
0 0.327500 0.256250 0.125000 0.162500
1 0.203333 0.743750 0.096667 0.162500
2 0.816667 0.501250 0.106667 0.087500
2 0.765833 0.226250 0.105000 0.167500
0 0.060833 0.803750 0.055000 0.082500
3 0.554167 0.601250 0.058333 0.037500
2 0.604167 0.683750 0.098333 0.067500
