2 0.219167 0.452500 0.131667 0.240000
3 0.069167 0.413750 0.078333 0.132500
2 0.155833 0.220000 0.021667 0.065000
0 0.262500 0.955000 0.031667 0.060000
0 0.538333 0.751250 0.140000 0.237500
0 0.884167 0.117500 0.085000 0.155000
0 0.696667 0.380000 0.123333 0.160000
3 0.754167 0.267500 0.101667 0.095000
2 0.192500 0.615000 0.045000 0.065000
3 0.460833 0.343750 0.041667 0.057500
0 0.491667 0.058750 0.046667 0.112500
0 0.351667 0.806250 0.103333 0.122500
1 0.363333 0.258750 0.080000 0.147500
0 0.479167 0.563750 0.125000 0.217500
