3 0.045833 0.603750 0.045000 0.102500
1 0.390000 0.541250 0.060000 0.062500
0 0.295833 0.495000 0.078333 0.115000
1 0.721667 0.748750 0.096667 0.197500
0 0.185833 0.137500 0.141667 0.160000
3 0.163333 0.527500 0.036667 0.115000
1 0.495833 0.378750 0.065000 0.077500
0 0.125000 0.762500 0.083333 0.145000
2 0.565833 0.161250 0.061667 0.067500
2 0.187500 0.077500 0.061667 0.140000
2 0.605000 0.096250 0.130000 0.142500
3 0.409167 0.302500 0.071667 0.105000
0 0.609167 0.565000 0.131667 0.180000
1 0.828333 0.712500 0.150000 0.195000
2 0.852500 0.673750 0.105000 0.167500
0 0.859167 0.332500 0.065000 0.100000
3 0.840000 0.162500 0.056667 0.080000
0 0.663333 0.072500 0.050000 0.060000
2 0.550000 0.295000 0.146667 0.225000
2 0.815833 0.256250 0.028333 0.052500
0 0.126667 0.320000 0.053333 0.095000
3 0.454167 0.718750 0.068333 0.102500
3 0.762500 0.825000 0.148333 0.250000
1 0.147500 0.685000 0.108333 0.115000
3 0.195000 0.496250 0.026667 0.052500
3 0.449167 0.775000 0.078333 0.090000
2 0.222500 0.733750 0.141667 0.132500
0 0.732500 0.282500 0.091667 0.105000
0 0.080833 0.696250 0.128333 0.152500
3 0.728333 0.548750 0.030000 0.032500
3 0.066667 0.601250 0.090000 0.097500
0 0.367500 0.742500 0.185000 0.250000
2 0.647500 0.198750 0.085000 0.142500
3 0.717500 0.272500 0.058333 0.050000
2 0.130000 0.237500 0.100000 0.150000
1 0.781667 0.221250 0.110000 0.147500
3 0.020833 0.351250 0.021667 0.057500
2 0.948333 0.083750 0.050000 0.097500
2 0.236667 0.575000 0.163333 0.210000
0 0.425833 0.325000 0.111667 0.175000
