2 0.205833 0.093750 0.078333 0.097500
2 0.545000 0.585000 0.053333 0.080000
2 0.330000 0.251250 0.096667 0.087500
1 0.306667 0.080000 0.033333 0.080000
2 0.030833 0.556250 0.045000 0.042500
3 0.255000 0.231250 0.106667 0.122500
3 0.863333 0.341250 0.070000 0.052500
2 0.936667 0.761250 0.030000 0.072500
1 0.489167 0.865000 0.088333 0.165000
1 0.865000 0.282500 0.106667 0.140000
0 0.090833 0.790000 0.151667 0.220000
3 0.344167 0.885000 0.078333 0.045000
1 0.217500 0.595000 0.035000 0.045000
2 0.785000 0.640000 0.070000 0.210000
0 0.875833 0.536250 0.108333 0.187500
1 0.348333 0.620000 0.036667 0.065000
