3 0.458333 0.641250 0.166667 0.167500
0 0.433333 0.285000 0.106667 0.235000
0 0.262500 0.898750 0.121667 0.162500
0 0.075000 0.615000 0.116667 0.175000
3 0.258333 0.766250 0.033333 0.092500
3 0.218333 0.733750 0.046667 0.042500
3 0.843333 0.766250 0.060000 0.122500
1 0.479167 0.082500 0.128333 0.130000
3 0.489167 0.070000 0.051667 0.075000
2 0.880833 0.785000 0.085000 0.145000
1 0.155000 0.185000 0.060000 0.080000
3 0.840000 0.626250 0.033333 0.042500
2 0.217500 0.070000 0.111667 0.095000
1 0.821667 0.056250 0.030000 0.042500
3 0.698333 0.526250 0.040000 0.092500
2 0.118333 0.626250 0.056667 0.052500
1 0.180833 0.577500 0.055000 0.070000
3 0.682500 0.803750 0.161667 0.172500
2 0.458333 0.605000 0.150000 0.205000
0 0.409167 0.555000 0.075000 0.115000
1 0.178333 0.648750 0.120000 0.152500
1 0.501667 0.168750 0.100000 0.137500
1 0.717500 0.186250 0.041667 0.047500
2 0.588333 0.183750 0.053333 0.107500
0 0.278333 0.737500 0.066667 0.100000
