3 0.075833 0.627500 0.065000 0.145000
2 0.510833 0.318750 0.121667 0.112500
3 0.701667 0.895000 0.033333 0.050000
3 0.726667 0.771250 0.026667 0.022500
3 0.685833 0.463750 0.031667 0.037500
0 0.499167 0.480000 0.038333 0.055000
2 0.475000 0.062500 0.080000 0.060000
2 0.289167 0.286250 0.115000 0.082500
0 0.447500 0.230000 0.065000 0.115000
2 0.290000 0.321250 0.070000 0.057500
0 0.781667 0.828750 0.076667 0.117500
1 0.284167 0.371250 0.135000 0.187500
0 0.511667 0.831250 0.143333 0.217500
1 0.283333 0.573750 0.073333 0.127500
0 0.350000 0.260000 0.073333 0.120000
1 0.880833 0.460000 0.098333 0.120000
3 0.139167 0.520000 0.058333 0.135000
3 0.736667 0.292500 0.080000 0.110000
2 0.225000 0.270000 0.040000 0.030000
1 0.554167 0.861250 0.041667 0.047500
2 0.194167 0.333750 0.158333 0.162500
0 0.767500 0.858750 0.175000 0.262500
0 0.454167 0.175000 0.175000 0.260000
1 0.258333 0.733750 0.046667 0.132500
1 0.043333 0.708750 0.073333 0.082500
