3 0.610833 0.051250 0.031667 0.047500
2 0.159167 0.781250 0.125000 0.137500
2 0.563333 0.582500 0.100000 0.100000
0 0.222500 0.633750 0.148333 0.192500
1 0.452500 0.472500 0.065000 0.100000
2 0.265000 0.366250 0.076667 0.082500
0 0.680000 0.178750 0.120000 0.197500
1 0.079167 0.596250 0.065000 0.132500
0 0.260000 0.303750 0.103333 0.127500
2 0.413333 0.732500 0.063333 0.080000
1 0.752500 0.720000 0.055000 0.060000
0 0.747500 0.336250 0.115000 0.192500
0 0.079167 0.506250 0.121667 0.252500
2 0.289167 0.650000 0.098333 0.150000
1 0.870833 0.723750 0.098333 0.222500
2 0.723333 0.358750 0.090000 0.137500
1 0.354167 0.167500 0.125000 0.135000
1 0.035833 0.803750 0.071667 0.097500
0 0.779167 0.722500 0.155000 0.215000
1 0.437500 0.386250 0.048333 0.067500
3 0.591667 0.540000 0.046667 0.055000
1 0.425000 0.033750 0.036667 0.047500
3 0.632500 0.026250 0.041667 0.047500
1 0.561667 0.173750 0.140000 0.212500
0 0.172500 0.348750 0.088333 0.122500
1 0.059167 0.490000 0.038333 0.060000
1 0.788333 0.158750 0.063333 0.072500
3 0.213333 0.602500 0.106667 0.095000
3 0.270833 0.757500 0.041667 0.085000
1 0.632500 0.665000 0.051667 0.090000
3 0.330833 0.185000 0.055000 0.130000
0 0.430833 0.227500 0.155000 0.265000
0 0.563333 0.843750 0.036667 0.062500
0 0.880833 0.780000 0.115000 0.180000
2 0.730833 0.796250 0.048333 0.057500
3 0.482500 0.281250 0.058333 0.197500
1 0.171667 0.155000 0.043333 0.045000
3 0.289167 0.242500 0.105000 0.170000
3 0.434167 0.075000 0.025000 0.070000
1 0.472500 0.607500 0.068333 0.075000
