0 0.733333 0.860000 0.046667 0.065000
1 0.683333 0.701250 0.100000 0.117500
1 0.422500 0.247500 0.098333 0.120000
3 0.931667 0.098750 0.036667 0.122500
2 0.146667 0.620000 0.130000 0.200000
3 0.349167 0.798750 0.058333 0.157500
2 0.381667 0.582500 0.026667 0.055000
2 0.366667 0.631250 0.126667 0.177500
0 0.158333 0.396250 0.040000 0.062500
0 0.407500 0.618750 0.201667 0.302500
3 0.755000 0.745000 0.116667 0.105000
2 0.060000 0.691250 0.113333 0.147500
2 0.885000 0.287500 0.146667 0.225000
1 0.387500 0.520000 0.035000 0.045000
3 0.101667 0.502500 0.050000 0.045000
0 0.446667 0.461250 0.056667 0.067500
1 0.346667 0.256250 0.106667 0.222500
1 0.303333 0.796250 0.106667 0.142500
3 0.178333 0.176250 0.056667 0.107500
2 0.642500 0.413750 0.035000 0.042500
0 0.685833 0.298750 0.078333 0.117500
3 0.610833 0.311250 0.088333 0.112500
1 0.842500 0.703750 0.068333 0.092500
3 0.560833 0.392500 0.115000 0.110000
0 0.915000 0.717500 0.043333 0.055000
0 0.214167 0.677500 0.068333 0.135000
1 0.644167 0.471250 0.041667 0.052500
0 0.740000 0.515000 0.073333 0.160000
2 0.695833 0.356250 0.165000 0.237500
3 0.860833 0.366250 0.065000 0.117500
