3 0.675833 0.226250 0.085000 0.092500
0 0.058333 0.221250 0.030000 0.042500
1 0.330833 0.710000 0.051667 0.075000
0 0.866667 0.175000 0.120000 0.185000
2 0.190833 0.363750 0.048333 0.072500
1 0.455000 0.798750 0.140000 0.177500
0 0.247500 0.468750 0.041667 0.067500
0 0.155000 0.117500 0.110000 0.165000
1 0.193333 0.400000 0.300000 0.280000
0 0.930833 0.236250 0.075000 0.092500
2 0.297500 0.253750 0.045000 0.122500
0 0.101667 0.236250 0.126667 0.207500
1 0.743333 0.623750 0.103333 0.142500
0 0.479167 0.178750 0.141667 0.207500
1 0.422500 0.381250 0.155000 0.282500
1 0.399167 0.758750 0.055000 0.092500
0 0.365833 0.498750 0.141667 0.257500
2 0.878333 0.552500 0.033333 0.060000
2 0.613333 0.608750 0.036667 0.052500
2 0.177500 0.301250 0.151667 0.247500
0 0.562500 0.358750 0.148333 0.237500
3 0.635000 0.212500 0.063333 0.075000
3 0.377500 0.603750 0.091667 0.182500
3 0.390833 0.301250 0.085000 0.077500
1 0.691667 0.658750 0.066667 0.082500
2 0.405000 0.883750 0.083333 0.062500
3 0.280833 0.407500 0.098333 0.170000
3 0.796667 0.152500 0.026667 0.020000
2 0.916667 0.510000 0.106667 0.120000
0 0.069167 0.438750 0.081667 0.132500
3 0.629167 0.722500 0.021667 0.045000
3 0.489167 0.776250 0.051667 0.067500
1 0.522500 0.803750 0.071667 0.112500
3 0.727500 0.371250 0.178333 0.207500
2 0.289167 0.782500 0.081667 0.135000
2 0.870000 0.393750 0.026667 0.042500
0 0.542500 0.898750 0.101667 0.187500
2 0.247500 0.508750 0.101667 0.152500
1 0.185833 0.220000 0.045000 0.090000
0 0.759167 0.402500 0.035000 0.050000
3 0.580833 0.433750 0.241667 0.182500
3 0.932500 0.867500 0.111667 0.165000
2 0.383333 0.193750 0.086667 0.182500
1 0.671667 0.165000 0.070000 0.140000
2 0.850833 0.421250 0.115000 0.147500
3 0.442500 0.645000 0.085000 0.135000
3 0.115000 0.241250 0.126667 0.162500
2 0.771667 0.403750 0.100000 0.112500
2 0.305833 0.752500 0.055000 0.090000
