1 0.312500 0.395000 0.045000 0.080000
3 0.714167 0.280000 0.035000 0.040000
0 0.305833 0.891250 0.091667 0.132500
1 0.656667 0.420000 0.133333 0.170000
1 0.422500 0.116250 0.095000 0.197500
2 0.536667 0.831250 0.100000 0.207500
2 0.531667 0.768750 0.113333 0.132500
0 0.161667 0.898750 0.060000 0.097500
2 0.727500 0.682500 0.075000 0.110000
2 0.876667 0.160000 0.053333 0.070000
3 0.536667 0.478750 0.076667 0.142500
1 0.673333 0.606250 0.046667 0.057500
2 0.827500 0.325000 0.161667 0.165000
2 0.111667 0.247500 0.120000 0.180000
2 0.625000 0.196250 0.123333 0.177500
2 0.476667 0.666250 0.076667 0.107500
1 0.940000 0.191250 0.030000 0.037500
0 0.586667 0.766250 0.060000 0.087500
3 0.287500 0.487500 0.118333 0.190000
1 0.695833 0.642500 0.145000 0.195000
2 0.714167 0.056250 0.051667 0.067500
3 0.111667 0.646250 0.020000 0.052500
2 0.570000 0.538750 0.106667 0.162500
1 0.897500 0.878750 0.101667 0.187500
0 0.491667 0.145000 0.233333 0.275000
3 0.294167 0.633750 0.108333 0.152500
0 0.793333 0.437500 0.146667 0.170000
3 0.422500 0.713750 0.028333 0.022500
3 0.375000 0.638750 0.073333 0.057500
