1 0.720833 0.713750 0.091667 0.112500
3 0.381667 0.551250 0.036667 0.047500
0 0.116667 0.386250 0.090000 0.207500
3 0.141667 0.828750 0.030000 0.077500
1 0.125833 0.326250 0.095000 0.202500
3 0.269167 0.243750 0.088333 0.062500
3 0.913333 0.181250 0.046667 0.107500
3 0.140000 0.586250 0.063333 0.137500
2 0.099167 0.372500 0.131667 0.230000
2 0.709167 0.422500 0.068333 0.070000
2 0.303333 0.675000 0.106667 0.230000
0 0.700000 0.656250 0.046667 0.067500
1 0.258333 0.761250 0.206667 0.267500
0 0.677500 0.473750 0.058333 0.147500
0 0.530833 0.687500 0.061667 0.110000
3 0.725833 0.613750 0.128333 0.097500
0 0.740833 0.352500 0.051667 0.125000
1 0.695000 0.388750 0.030000 0.067500
3 0.693333 0.397500 0.120000 0.120000
1 0.836667 0.322500 0.036667 0.055000
3 0.800833 0.552500 0.075000 0.130000
2 0.572500 0.590000 0.161667 0.245000
3 0.408333 0.295000 0.160000 0.215000
1 0.489167 0.458750 0.105000 0.142500
0 0.291667 0.543750 0.130000 0.197500
1 0.127500 0.596250 0.048333 0.112500
3 0.510833 0.222500 0.048333 0.100000
3 0.345833 0.552500 0.088333 0.070000
2 0.627500 0.757500 0.098333 0.075000
2 0.460000 0.406250 0.063333 0.057500
0 0.094167 0.367500 0.068333 0.095000
2 0.247500 0.503750 0.138333 0.117500
3 0.179167 0.468750 0.118333 0.157500
1 0.758333 0.795000 0.060000 0.155000
2 0.160833 0.532500 0.108333 0.180000
3 0.467500 0.166250 0.061667 0.057500
1 0.534167 0.446250 0.068333 0.137500
