2 0.072500 0.507500 0.078333 0.145000
3 0.415000 0.432500 0.030000 0.040000
0 0.319167 0.240000 0.051667 0.100000
2 0.251667 0.358750 0.123333 0.092500
0 0.772500 0.751250 0.121667 0.182500
2 0.354167 0.431250 0.055000 0.172500
1 0.558333 0.912500 0.070000 0.105000
2 0.415833 0.516250 0.035000 0.052500
1 0.303333 0.042500 0.080000 0.080000
2 0.618333 0.430000 0.140000 0.200000
1 0.698333 0.522500 0.126667 0.120000
2 0.484167 0.503750 0.058333 0.087500
2 0.445000 0.090000 0.106667 0.090000
0 0.454167 0.091250 0.038333 0.062500
3 0.559167 0.143750 0.041667 0.032500
0 0.615833 0.087500 0.101667 0.150000
