3 0.443333 0.208750 0.070000 0.142500
2 0.434167 0.247500 0.115000 0.140000
0 0.721667 0.862500 0.103333 0.130000
2 0.465000 0.625000 0.096667 0.115000
1 0.276667 0.232500 0.046667 0.080000
2 0.951667 0.865000 0.056667 0.040000
1 0.776667 0.677500 0.106667 0.085000
3 0.815000 0.518750 0.036667 0.087500
2 0.080000 0.823750 0.083333 0.142500
2 0.353333 0.328750 0.153333 0.177500
0 0.123333 0.782500 0.133333 0.225000
0 0.391667 0.653750 0.110000 0.137500
0 0.444167 0.497500 0.091667 0.135000
0 0.267500 0.155000 0.131667 0.150000
0 0.446667 0.727500 0.083333 0.125000
0 0.445000 0.660000 0.100000 0.150000
0 0.666667 0.470000 0.146667 0.220000
0 0.305000 0.781250 0.133333 0.257500
2 0.874167 0.458750 0.031667 0.057500
3 0.104167 0.442500 0.101667 0.095000
0 0.516667 0.788750 0.160000 0.242500
0 0.884167 0.360000 0.088333 0.105000
1 0.264167 0.120000 0.028333 0.040000
0 0.415000 0.862500 0.056667 0.085000
1 0.130000 0.308750 0.130000 0.177500
2 0.897500 0.185000 0.075000 0.175000
2 0.510000 0.931250 0.026667 0.072500
1 0.665833 0.305000 0.105000 0.205000
2 0.524167 0.280000 0.108333 0.150000
2 0.215833 0.140000 0.058333 0.130000
3 0.680833 0.485000 0.031667 0.030000
2 0.836667 0.241250 0.123333 0.142500
1 0.600833 0.175000 0.128333 0.145000
1 0.290833 0.381250 0.131667 0.152500
3 0.658333 0.640000 0.036667 0.030000
3 0.025833 0.667500 0.011667 0.040000
1 0.398333 0.268750 0.133333 0.197500
1 0.130000 0.182500 0.056667 0.080000
3 0.661667 0.796250 0.043333 0.062500
2 0.286667 0.541250 0.050000 0.062500
0 0.237500 0.123750 0.145000 0.212500
3 0.482500 0.558750 0.108333 0.107500
0 0.311667 0.272500 0.113333 0.170000
2 0.765000 0.683750 0.153333 0.192500
2 0.295000 0.773750 0.053333 0.162500
2 0.156667 0.416250 0.153333 0.167500
1 0.045000 0.255000 0.073333 0.090000
1 0.858333 0.368750 0.130000 0.177500
