1 0.759167 0.573750 0.108333 0.137500
3 0.660833 0.082500 0.118333 0.105000
0 0.879167 0.122500 0.145000 0.215000
3 0.196667 0.342500 0.026667 0.065000
0 0.137500 0.486250 0.095000 0.112500
0 0.269167 0.211250 0.085000 0.202500
1 0.882500 0.620000 0.025000 0.045000
2 0.140833 0.251250 0.028333 0.062500
3 0.294167 0.520000 0.031667 0.115000
1 0.267500 0.150000 0.075000 0.085000
1 0.704167 0.515000 0.045000 0.055000
2 0.141667 0.613750 0.136667 0.192500
0 0.495000 0.076250 0.040000 0.067500
0 0.690000 0.537500 0.046667 0.075000
0 0.767500 0.411250 0.048333 0.072500
3 0.460000 0.765000 0.056667 0.195000
3 0.181667 0.322500 0.103333 0.180000
1 0.245833 0.565000 0.088333 0.135000
1 0.923333 0.903750 0.060000 0.087500
2 0.330000 0.260000 0.136667 0.175000
1 0.372500 0.870000 0.085000 0.105000
3 0.255000 0.435000 0.093333 0.175000
2 0.885833 0.830000 0.115000 0.100000
1 0.339167 0.622500 0.131667 0.160000
2 0.360000 0.521250 0.123333 0.102500
1 0.851667 0.541250 0.083333 0.097500
1 0.887500 0.706250 0.141667 0.182500
0 0.306667 0.830000 0.133333 0.180000
2 0.228333 0.780000 0.116667 0.175000
0 0.637500 0.301250 0.161667 0.217500
3 0.835000 0.811250 0.083333 0.102500
1 0.460000 0.418750 0.120000 0.227500
0 0.635833 0.600000 0.081667 0.100000
0 0.604167 0.133750 0.081667 0.107500
1 0.231667 0.603750 0.126667 0.162500
0 0.700833 0.670000 0.075000 0.100000
0 0.114167 0.657500 0.061667 0.070000
2 0.416667 0.885000 0.050000 0.085000
1 0.120000 0.881250 0.046667 0.082500
1 0.215000 0.526250 0.080000 0.127500
1 0.638333 0.186250 0.150000 0.182500
3 0.695833 0.490000 0.031667 0.025000
2 0.701667 0.452500 0.090000 0.110000
0 0.590833 0.802500 0.028333 0.050000
1 0.692500 0.447500 0.091667 0.125000
