3 0.837500 0.538750 0.061667 0.052500
3 0.944167 0.537500 0.041667 0.055000
1 0.287500 0.261250 0.045000 0.062500
2 0.795000 0.458750 0.226667 0.272500
3 0.763333 0.363750 0.040000 0.052500
2 0.744167 0.787500 0.088333 0.125000
2 0.090000 0.695000 0.063333 0.080000
2 0.140833 0.367500 0.055000 0.100000
0 0.335000 0.133750 0.130000 0.222500
2 0.485833 0.460000 0.115000 0.130000
1 0.865000 0.826250 0.120000 0.212500
1 0.369167 0.251250 0.085000 0.097500
3 0.599167 0.795000 0.048333 0.115000
1 0.563333 0.612500 0.216667 0.245000
0 0.498333 0.208750 0.116667 0.142500
0 0.557500 0.320000 0.138333 0.205000
3 0.847500 0.501250 0.111667 0.127500
2 0.863333 0.122500 0.126667 0.190000
3 0.396667 0.677500 0.103333 0.130000
2 0.225833 0.593750 0.081667 0.167500
0 0.144167 0.266250 0.141667 0.242500
3 0.855000 0.738750 0.040000 0.032500
1 0.240000 0.225000 0.086667 0.165000
2 0.680833 0.678750 0.048333 0.077500
0 0.606667 0.800000 0.050000 0.075000
3 0.109167 0.877500 0.021667 0.045000
3 0.421667 0.647500 0.120000 0.125000
2 0.204167 0.410000 0.105000 0.215000
0 0.702500 0.248750 0.111667 0.142500
2 0.390000 0.358750 0.063333 0.102500
