1 0.931667 0.112500 0.050000 0.050000
2 0.128333 0.386250 0.036667 0.052500
3 0.067500 0.583750 0.065000 0.092500
1 0.325000 0.468750 0.126667 0.192500
1 0.840833 0.250000 0.171667 0.195000
3 0.092500 0.062500 0.038333 0.075000
0 0.495833 0.351250 0.148333 0.217500
3 0.586667 0.830000 0.053333 0.095000
0 0.170000 0.340000 0.193333 0.280000
3 0.526667 0.208750 0.120000 0.147500
1 0.439167 0.788750 0.125000 0.157500
2 0.454167 0.866250 0.065000 0.147500
1 0.893333 0.758750 0.056667 0.087500
1 0.115000 0.547500 0.050000 0.090000
3 0.721667 0.253750 0.100000 0.172500
1 0.799167 0.703750 0.031667 0.037500
3 0.806667 0.257500 0.023333 0.055000
0 0.249167 0.152500 0.138333 0.235000
1 0.116667 0.402500 0.063333 0.090000
1 0.150000 0.606250 0.070000 0.142500
1 0.075000 0.887500 0.053333 0.065000
3 0.868333 0.221250 0.100000 0.092500
1 0.684167 0.700000 0.081667 0.120000
3 0.730833 0.603750 0.111667 0.147500
3 0.650833 0.488750 0.105000 0.097500
3 0.628333 0.743750 0.066667 0.072500
1 0.828333 0.151250 0.106667 0.132500
0 0.438333 0.343750 0.106667 0.162500
3 0.946667 0.295000 0.056667 0.035000
2 0.470000 0.501250 0.063333 0.092500
2 0.128333 0.282500 0.130000 0.235000
2 0.920000 0.718750 0.030000 0.067500
3 0.421667 0.856250 0.083333 0.127500
0 0.752500 0.118750 0.141667 0.212500
0 0.885833 0.098750 0.101667 0.152500
2 0.095833 0.361250 0.038333 0.092500
2 0.585000 0.411250 0.123333 0.147500
3 0.612500 0.598750 0.095000 0.127500
