0 0.727500 0.100000 0.038333 0.060000
1 0.630000 0.108750 0.116667 0.152500
1 0.750000 0.556250 0.030000 0.052500
3 0.045833 0.755000 0.075000 0.075000
2 0.488333 0.676250 0.143333 0.252500
2 0.274167 0.596250 0.111667 0.132500
1 0.529167 0.203750 0.181667 0.207500
3 0.541667 0.770000 0.120000 0.140000
0 0.616667 0.763750 0.030000 0.047500
2 0.517500 0.157500 0.061667 0.085000
3 0.512500 0.182500 0.041667 0.055000
2 0.897500 0.866250 0.065000 0.107500
3 0.861667 0.523750 0.040000 0.037500
0 0.600000 0.708750 0.070000 0.092500
0 0.789167 0.510000 0.091667 0.140000
0 0.107500 0.893750 0.085000 0.167500
3 0.047500 0.350000 0.048333 0.065000
1 0.315833 0.943750 0.025000 0.047500
