0 0.684167 0.437500 0.058333 0.115000
3 0.640833 0.805000 0.091667 0.070000
2 0.444167 0.446250 0.061667 0.072500
2 0.107500 0.422500 0.095000 0.120000
3 0.856667 0.892500 0.046667 0.040000
0 0.731667 0.453750 0.086667 0.097500
3 0.123333 0.363750 0.040000 0.082500
0 0.145833 0.492500 0.151667 0.235000
3 0.591667 0.117500 0.103333 0.140000
0 0.076667 0.605000 0.080000 0.130000
3 0.678333 0.227500 0.193333 0.195000
3 0.362500 0.277500 0.051667 0.105000
0 0.744167 0.821250 0.145000 0.227500
0 0.435000 0.116250 0.043333 0.052500
0 0.369167 0.488750 0.145000 0.222500
0 0.329167 0.376250 0.081667 0.127500
2 0.069167 0.530000 0.041667 0.055000
0 0.530833 0.220000 0.005000 0.290000
0 0.713333 0.526250 0.090000 0.127500
0 0.579167 0.646250 0.041667 0.072500
2 0.704167 0.683750 0.148333 0.167500
3 0.579167 0.900000 0.031667 0.020000
2 0.905000 0.436250 0.070000 0.217500
1 0.545000 0.647500 0.033333 0.065000
1 0.801667 0.413750 0.056667 0.087500
1 0.751667 0.803750 0.090000 0.122500
0 0.196667 0.570000 0.093333 0.140000
1 0.355833 0.370000 0.095000 0.195000
2 0.040000 0.857500 0.073333 0.150000
2 0.071667 0.682500 0.050000 0.075000
3 0.846667 0.597500 0.083333 0.150000
3 0.520833 0.225000 0.031667 0.075000
0 0.672500 0.751250 0.151667 0.212500
2 0.860000 0.481250 0.050000 0.072500
3 0.784167 0.465000 0.081667 0.170000
3 0.107500 0.627500 0.045000 0.080000
3 0.725000 0.885000 0.070000 0.090000
3 0.337500 0.278750 0.105000 0.177500
3 0.505833 0.605000 0.058333 0.080000
3 0.193333 0.573750 0.056667 0.142500
3 0.700833 0.171250 0.095000 0.092500
3 0.136667 0.400000 0.066667 0.120000
0 0.315000 0.596250 0.073333 0.087500
0 0.820000 0.391250 0.126667 0.192500
1 0.521667 0.696250 0.056667 0.102500
3 0.209167 0.352500 0.108333 0.310000
