0 0.935000 0.452500 0.070000 0.110000
2 0.546667 0.115000 0.050000 0.080000
1 0.391667 0.770000 0.063333 0.085000
1 0.556667 0.375000 0.040000 0.075000
2 0.320833 0.342500 0.078333 0.040000
3 0.441667 0.771250 0.133333 0.137500
1 0.080833 0.225000 0.135000 0.200000
0 0.102500 0.283750 0.078333 0.142500
1 0.360000 0.718750 0.110000 0.162500
3 0.096667 0.606250 0.100000 0.172500
3 0.307500 0.907500 0.038333 0.055000
2 0.306667 0.288750 0.143333 0.137500
3 0.268333 0.268750 0.116667 0.142500
0 0.813333 0.795000 0.143333 0.260000
2 0.190833 0.263750 0.111667 0.142500
0 0.485833 0.461250 0.131667 0.212500
3 0.846667 0.506250 0.116667 0.267500
3 0.430000 0.887500 0.080000 0.100000
1 0.846667 0.526250 0.030000 0.067500
2 0.413333 0.022500 0.036667 0.035000
2 0.210833 0.570000 0.041667 0.080000
0 0.424167 0.508750 0.135000 0.172500
3 0.485833 0.692500 0.048333 0.055000
3 0.659167 0.351250 0.065000 0.052500
0 0.363333 0.442500 0.083333 0.150000
