2 0.379167 0.835000 0.111667 0.195000
2 0.848333 0.475000 0.136667 0.200000
0 0.667500 0.227500 0.078333 0.125000
3 0.130833 0.455000 0.081667 0.100000
2 0.315833 0.411250 0.081667 0.117500
1 0.300833 0.618750 0.051667 0.097500
3 0.579167 0.852500 0.068333 0.190000
2 0.404167 0.070000 0.045000 0.075000
0 0.625000 0.845000 0.126667 0.260000
2 0.418333 0.487500 0.113333 0.105000
2 0.876667 0.676250 0.093333 0.117500
0 0.246667 0.385000 0.093333 0.140000
2 0.819167 0.370000 0.148333 0.215000
3 0.759167 0.751250 0.088333 0.072500
3 0.634167 0.252500 0.031667 0.055000
3 0.100833 0.365000 0.108333 0.145000
1 0.683333 0.538750 0.136667 0.167500
0 0.166667 0.608750 0.086667 0.147500
0 0.634167 0.848750 0.055000 0.077500
2 0.199167 0.183750 0.071667 0.147500
3 0.870000 0.913750 0.036667 0.037500
2 0.610833 0.541250 0.111667 0.157500
