1 0.628333 0.396250 0.076667 0.072500
1 0.710000 0.600000 0.143333 0.215000
1 0.611667 0.236250 0.130000 0.147500
1 0.805000 0.876250 0.100000 0.162500
1 0.740000 0.426250 0.086667 0.162500
0 0.583333 0.340000 0.136667 0.230000
1 0.643333 0.718750 0.086667 0.142500
2 0.750833 0.163750 0.135000 0.142500
0 0.445000 0.698750 0.043333 0.062500
3 0.807500 0.187500 0.081667 0.110000
2 0.508333 0.055000 0.076667 0.105000
0 0.229167 0.067500 0.048333 0.055000
0 0.956667 0.316250 0.056667 0.087500
0 0.769167 0.368750 0.038333 0.057500
1 0.515000 0.500000 0.036667 0.045000
1 0.337500 0.371250 0.138333 0.132500
0 0.247500 0.793750 0.105000 0.152500
0 0.443333 0.710000 0.230000 0.280000
2 0.557500 0.823750 0.038333 0.062500
0 0.498333 0.445000 0.096667 0.150000
3 0.330833 0.418750 0.078333 0.122500
3 0.515833 0.446250 0.228333 0.172500
0 0.431667 0.677500 0.080000 0.135000
3 0.865833 0.168750 0.035000 0.037500
1 0.544167 0.606250 0.085000 0.112500
0 0.663333 0.610000 0.103333 0.140000
0 0.412500 0.332500 0.125000 0.195000
1 0.578333 0.271250 0.046667 0.082500
0 0.192500 0.598750 0.121667 0.182500
3 0.176667 0.431250 0.030000 0.027500
0 0.530833 0.745000 0.075000 0.095000
2 0.397500 0.776250 0.148333 0.122500
3 0.619167 0.205000 0.065000 0.145000
2 0.741667 0.702500 0.083333 0.145000
2 0.409167 0.361250 0.028333 0.047500
0 0.823333 0.106250 0.033333 0.052500
