1 0.514167 0.656250 0.081667 0.112500
3 0.322500 0.160000 0.075000 0.065000
3 0.546667 0.365000 0.033333 0.050000
3 0.450833 0.597500 0.081667 0.065000
3 0.385833 0.465000 0.228333 0.230000
0 0.298333 0.303750 0.116667 0.147500
2 0.518333 0.475000 0.120000 0.185000
3 0.839167 0.705000 0.108333 0.130000
3 0.791667 0.826250 0.046667 0.067500
2 0.562500 0.622500 0.098333 0.210000
3 0.388333 0.085000 0.073333 0.070000
2 0.345000 0.623750 0.056667 0.197500
1 0.352500 0.397500 0.091667 0.110000
3 0.785000 0.502500 0.056667 0.060000
0 0.035833 0.128750 0.048333 0.072500
1 0.284167 0.593750 0.121667 0.212500
1 0.357500 0.840000 0.131667 0.160000
2 0.839167 0.146250 0.138333 0.132500
1 0.525000 0.506250 0.036667 0.052500
1 0.905833 0.253750 0.061667 0.072500
2 0.600833 0.726250 0.105000 0.142500
2 0.955833 0.506250 0.068333 0.097500
3 0.658333 0.372500 0.133333 0.135000
3 0.189167 0.891250 0.055000 0.077500
2 0.927500 0.327500 0.088333 0.145000
0 0.738333 0.782500 0.130000 0.200000
0 0.140833 0.706250 0.071667 0.082500
0 0.765833 0.818750 0.235000 0.277500
3 0.168333 0.255000 0.166667 0.180000
1 0.048333 0.080000 0.093333 0.140000
0 0.649167 0.442500 0.058333 0.070000
