0 0.232500 0.752500 0.051667 0.105000
1 0.253333 0.567500 0.086667 0.100000
2 0.937500 0.031250 0.028333 0.062500
3 0.621667 0.316250 0.096667 0.127500
3 0.718333 0.305000 0.116667 0.065000
0 0.951667 0.087500 0.076667 0.100000
0 0.398333 0.246250 0.133333 0.212500
3 0.771667 0.463750 0.136667 0.102500
3 0.755833 0.715000 0.211667 0.240000
2 0.520833 0.393750 0.128333 0.157500
0 0.156667 0.446250 0.093333 0.137500
1 0.674167 0.662500 0.121667 0.130000
0 0.698333 0.785000 0.030000 0.050000
3 0.103333 0.442500 0.093333 0.125000
2 0.682500 0.345000 0.021667 0.085000
1 0.235833 0.513750 0.105000 0.132500
2 0.680000 0.761250 0.063333 0.142500
0 0.298333 0.785000 0.056667 0.085000
1 0.468333 0.198750 0.120000 0.152500
0 0.881667 0.288750 0.146667 0.197500
0 0.667500 0.221250 0.065000 0.102500
