3 0.260833 0.661250 0.238333 0.317500
2 0.229167 0.396250 0.078333 0.117500
0 0.252500 0.448750 0.155000 0.257500
1 0.098333 0.481250 0.130000 0.137500
3 0.131667 0.457500 0.060000 0.085000
3 0.137500 0.810000 0.051667 0.125000
0 0.564167 0.400000 0.065000 0.095000
0 0.489167 0.211250 0.031667 0.052500
1 0.705833 0.817500 0.081667 0.125000
1 0.405000 0.197500 0.056667 0.065000
2 0.568333 0.110000 0.193333 0.215000
1 0.205000 0.668750 0.060000 0.072500
1 0.709167 0.940000 0.031667 0.075000
3 0.705833 0.296250 0.098333 0.087500
2 0.678333 0.617500 0.030000 0.060000
0 0.343333 0.343750 0.126667 0.167500
2 0.547500 0.660000 0.101667 0.145000
0 0.414167 0.698750 0.058333 0.112500
3 0.451667 0.855000 0.040000 0.080000
3 0.559167 0.496250 0.101667 0.097500
2 0.195000 0.601250 0.113333 0.117500
0 0.388333 0.513750 0.100000 0.242500
0 0.478333 0.667500 0.110000 0.150000
2 0.153333 0.508750 0.070000 0.082500
1 0.879167 0.247500 0.128333 0.155000
1 0.393333 0.241250 0.116667 0.152500
1 0.630000 0.826250 0.093333 0.127500
3 0.419167 0.672500 0.105000 0.300000
2 0.139167 0.166250 0.088333 0.127500
2 0.637500 0.162500 0.101667 0.170000
1 0.605833 0.361250 0.135000 0.172500
3 0.277500 0.176250 0.081667 0.147500
3 0.765833 0.345000 0.038333 0.060000
2 0.114167 0.725000 0.038333 0.050000
1 0.640000 0.297500 0.090000 0.205000
0 0.340000 0.247500 0.113333 0.175000
2 0.131667 0.502500 0.080000 0.185000
3 0.205833 0.722500 0.021667 0.040000
3 0.513333 0.165000 0.060000 0.070000
2 0.600000 0.101250 0.080000 0.157500
3 0.411667 0.521250 0.086667 0.067500
