3 0.328333 0.485000 0.083333 0.110000
2 0.781667 0.810000 0.093333 0.115000
2 0.260833 0.351250 0.145000 0.292500
0 0.358333 0.080000 0.050000 0.075000
2 0.433333 0.650000 0.103333 0.180000
2 0.215000 0.881250 0.023333 0.047500
3 0.660833 0.811250 0.041667 0.047500
0 0.387500 0.637500 0.155000 0.265000
0 0.459167 0.321250 0.078333 0.122500
3 0.325000 0.115000 0.130000 0.225000
3 0.548333 0.821250 0.120000 0.097500
1 0.450000 0.382500 0.083333 0.145000
3 0.823333 0.240000 0.066667 0.100000
1 0.841667 0.151250 0.150000 0.182500
1 0.375000 0.723750 0.110000 0.192500
0 0.192500 0.326250 0.148333 0.227500
3 0.817500 0.586250 0.115000 0.097500
1 0.672500 0.382500 0.105000 0.210000
3 0.931667 0.186250 0.036667 0.117500
3 0.251667 0.558750 0.123333 0.097500
3 0.170000 0.833750 0.050000 0.072500
3 0.468333 0.555000 0.040000 0.060000
1 0.272500 0.461250 0.068333 0.082500
3 0.737500 0.338750 0.118333 0.157500
3 0.635833 0.892500 0.021667 0.045000
0 0.257500 0.258750 0.095000 0.132500
0 0.587500 0.670000 0.141667 0.230000
0 0.369167 0.917500 0.061667 0.100000
2 0.081667 0.688750 0.083333 0.112500
3 0.503333 0.178750 0.080000 0.087500
2 0.673333 0.551250 0.103333 0.237500
1 0.283333 0.206250 0.056667 0.122500
1 0.673333 0.325000 0.113333 0.150000
3 0.602500 0.152500 0.105000 0.175000
0 0.486667 0.262500 0.046667 0.080000
2 0.772500 0.257500 0.088333 0.090000
1 0.796667 0.932500 0.030000 0.030000
2 0.763333 0.615000 0.033333 0.025000
1 0.061667 0.088750 0.113333 0.147500
1 0.921667 0.361250 0.056667 0.082500
0 0.890833 0.547500 0.058333 0.140000
0 0.773333 0.787500 0.063333 0.110000
2 0.895000 0.475000 0.090000 0.110000
