2 0.677500 0.357500 0.161667 0.195000
0 0.833333 0.862500 0.123333 0.195000
1 0.607500 0.810000 0.091667 0.190000
1 0.860000 0.791250 0.156667 0.177500
2 0.720000 0.050000 0.046667 0.045000
1 0.832500 0.562500 0.055000 0.105000
3 0.679167 0.763750 0.088333 0.062500
0 0.521667 0.620000 0.066667 0.100000
2 0.827500 0.436250 0.088333 0.067500
1 0.321667 0.373750 0.030000 0.042500
3 0.859167 0.465000 0.085000 0.075000
1 0.924167 0.590000 0.035000 0.050000
2 0.689167 0.297500 0.055000 0.040000
0 0.880833 0.452500 0.101667 0.145000
3 0.591667 0.602500 0.080000 0.085000
3 0.349167 0.348750 0.098333 0.147500
3 0.692500 0.778750 0.041667 0.132500
1 0.770000 0.201250 0.106667 0.217500
1 0.181667 0.540000 0.050000 0.100000
1 0.167500 0.100000 0.125000 0.180000
0 0.331667 0.200000 0.160000 0.240000
3 0.100000 0.836250 0.063333 0.087500
3 0.334167 0.877500 0.115000 0.185000
2 0.254167 0.568750 0.131667 0.117500
2 0.449167 0.233750 0.068333 0.152500
1 0.486667 0.495000 0.143333 0.175000
2 0.190000 0.312500 0.100000 0.170000
0 0.659167 0.073750 0.055000 0.107500
1 0.363333 0.838750 0.036667 0.042500
2 0.408333 0.743750 0.106667 0.222500
1 0.310833 0.343750 0.031667 0.037500
3 0.772500 0.423750 0.118333 0.107500
3 0.835833 0.736250 0.121667 0.147500
0 0.409167 0.327500 0.058333 0.105000
3 0.780000 0.143750 0.023333 0.047500
2 0.155833 0.231250 0.101667 0.167500
0 0.582500 0.798750 0.158333 0.217500
0 0.751667 0.651250 0.080000 0.142500
2 0.390000 0.278750 0.060000 0.087500
2 0.897500 0.165000 0.088333 0.125000
3 0.125000 0.061250 0.040000 0.102500
2 0.744167 0.702500 0.158333 0.260000
2 0.742500 0.132500 0.115000 0.120000
0 0.612500 0.182500 0.075000 0.125000
2 0.595000 0.196250 0.076667 0.242500
1 0.221667 0.738750 0.080000 0.092500
0 0.376667 0.355000 0.053333 0.080000
2 0.694167 0.345000 0.028333 0.055000
3 0.190000 0.222500 0.106667 0.095000
