2 0.751667 0.272500 0.096667 0.225000
2 0.802500 0.360000 0.035000 0.055000
0 0.154167 0.488750 0.065000 0.112500
2 0.876667 0.426250 0.076667 0.112500
2 0.623333 0.710000 0.113333 0.165000
0 0.289167 0.287500 0.078333 0.130000
2 0.139167 0.085000 0.051667 0.075000
3 0.493333 0.263750 0.056667 0.062500
0 0.802500 0.476250 0.081667 0.132500
2 0.607500 0.816250 0.131667 0.202500
1 0.702500 0.383750 0.198333 0.307500
2 0.564167 0.530000 0.115000 0.135000
1 0.335833 0.731250 0.025000 0.047500
1 0.580000 0.135000 0.086667 0.120000
3 0.550000 0.821250 0.116667 0.087500
1 0.636667 0.673750 0.076667 0.132500
2 0.104167 0.538750 0.121667 0.107500
3 0.698333 0.288750 0.060000 0.087500
1 0.125833 0.141250 0.078333 0.127500
3 0.239167 0.368750 0.031667 0.037500
1 0.244167 0.816250 0.115000 0.142500
1 0.165833 0.501250 0.221667 0.232500
3 0.231667 0.238750 0.026667 0.042500
