2 0.364167 0.578750 0.198333 0.232500
0 0.512500 0.711250 0.115000 0.232500
3 0.746667 0.408750 0.070000 0.112500
3 0.240000 0.456250 0.046667 0.127500
3 0.843333 0.228750 0.116667 0.117500
0 0.619167 0.317500 0.148333 0.215000
2 0.226667 0.453750 0.126667 0.177500
1 0.088333 0.348750 0.110000 0.142500
2 0.043333 0.421250 0.053333 0.167500
1 0.734167 0.810000 0.071667 0.065000
0 0.144167 0.057500 0.061667 0.110000
1 0.439167 0.518750 0.055000 0.067500
0 0.167500 0.061250 0.055000 0.087500
2 0.703333 0.372500 0.096667 0.185000
1 0.208333 0.520000 0.146667 0.205000
1 0.244167 0.692500 0.035000 0.070000
2 0.321667 0.525000 0.040000 0.070000
1 0.341667 0.367500 0.110000 0.120000
0 0.764167 0.436250 0.185000 0.222500
1 0.405833 0.351250 0.085000 0.152500
1 0.545833 0.707500 0.071667 0.090000
2 0.535000 0.326250 0.106667 0.192500
1 0.632500 0.096250 0.045000 0.067500
1 0.712500 0.588750 0.095000 0.127500
3 0.574167 0.830000 0.041667 0.125000
3 0.367500 0.687500 0.091667 0.085000
1 0.517500 0.827500 0.065000 0.090000
2 0.632500 0.345000 0.071667 0.195000
0 0.500833 0.316250 0.101667 0.167500
1 0.319167 0.811250 0.045000 0.092500
3 0.419167 0.443750 0.058333 0.142500
1 0.487500 0.292500 0.118333 0.150000
0 0.331667 0.083750 0.046667 0.062500
0 0.692500 0.290000 0.148333 0.210000
3 0.299167 0.315000 0.155000 0.175000
3 0.420833 0.257500 0.101667 0.110000
2 0.186667 0.550000 0.066667 0.075000
2 0.869167 0.853750 0.131667 0.162500
0 0.649167 0.550000 0.145000 0.215000
2 0.760000 0.642500 0.090000 0.095000
