0 0.425000 0.271250 0.146667 0.227500
2 0.509167 0.636250 0.018333 0.052500
1 0.225833 0.822500 0.035000 0.050000
0 0.495833 0.922500 0.028333 0.065000
1 0.329167 0.766250 0.115000 0.202500
2 0.475000 0.881250 0.083333 0.062500
2 0.160000 0.212500 0.050000 0.060000
2 0.590000 0.151250 0.100000 0.197500
1 0.165833 0.452500 0.111667 0.210000
2 0.252500 0.250000 0.098333 0.140000
1 0.406667 0.447500 0.090000 0.115000
2 0.286667 0.365000 0.220000 0.255000
2 0.725833 0.207500 0.088333 0.185000
1 0.175833 0.505000 0.151667 0.200000
3 0.951667 0.262500 0.090000 0.105000
1 0.307500 0.418750 0.031667 0.037500
0 0.905000 0.266250 0.060000 0.077500
0 0.654167 0.468750 0.145000 0.257500
0 0.913333 0.641250 0.093333 0.147500
3 0.811667 0.468750 0.116667 0.147500
3 0.712500 0.393750 0.088333 0.177500
2 0.528333 0.341250 0.060000 0.072500
0 0.219167 0.411250 0.081667 0.122500
1 0.837500 0.603750 0.065000 0.142500
2 0.785000 0.430000 0.043333 0.055000
0 0.858333 0.790000 0.086667 0.155000
3 0.290000 0.296250 0.040000 0.042500
2 0.952500 0.171250 0.028333 0.042500
1 0.208333 0.227500 0.046667 0.070000
2 0.791667 0.347500 0.080000 0.140000
1 0.893333 0.598750 0.090000 0.112500
3 0.630833 0.277500 0.088333 0.110000
3 0.282500 0.348750 0.051667 0.042500
0 0.363333 0.555000 0.143333 0.245000
0 0.511667 0.387500 0.100000 0.165000
2 0.067500 0.098750 0.115000 0.162500
1 0.155000 0.125000 0.086667 0.100000
2 0.505000 0.788750 0.096667 0.237500
1 0.086667 0.622500 0.123333 0.140000
0 0.247500 0.147500 0.075000 0.090000
0 0.082500 0.565000 0.038333 0.065000
2 0.484167 0.075000 0.045000 0.080000
3 0.827500 0.716250 0.061667 0.097500
1 0.131667 0.601250 0.120000 0.132500
1 0.795000 0.866250 0.056667 0.072500
0 0.201667 0.311250 0.163333 0.197500
0 0.053333 0.538750 0.073333 0.112500
0 0.637500 0.703750 0.051667 0.057500
0 0.522500 0.093750 0.038333 0.057500
3 0.138333 0.231250 0.056667 0.117500
