1 0.883333 0.900000 0.073333 0.125000
3 0.245833 0.812500 0.055000 0.185000
1 0.603333 0.581250 0.070000 0.142500
2 0.316667 0.405000 0.126667 0.205000
3 0.184167 0.592500 0.028333 0.050000
2 0.282500 0.151250 0.058333 0.152500
1 0.130000 0.405000 0.096667 0.200000
0 0.330833 0.161250 0.068333 0.082500
2 0.212500 0.181250 0.141667 0.287500
2 0.060000 0.431250 0.103333 0.202500
2 0.419167 0.880000 0.061667 0.120000
2 0.070000 0.130000 0.056667 0.060000
0 0.794167 0.338750 0.098333 0.162500
0 0.735833 0.490000 0.075000 0.120000
3 0.546667 0.205000 0.056667 0.125000
2 0.203333 0.178750 0.136667 0.172500
0 0.748333 0.673750 0.176667 0.207500
2 0.540833 0.228750 0.121667 0.182500
3 0.680000 0.252500 0.053333 0.070000
2 0.557500 0.911250 0.055000 0.097500
2 0.237500 0.332500 0.051667 0.100000
2 0.064167 0.538750 0.125000 0.217500
1 0.847500 0.426250 0.031667 0.037500
0 0.310000 0.066250 0.060000 0.087500
0 0.117500 0.771250 0.045000 0.052500
