1 0.725000 0.253750 0.116667 0.192500
0 0.350833 0.278750 0.035000 0.057500
3 0.066667 0.381250 0.100000 0.097500
2 0.831667 0.873750 0.030000 0.062500
2 0.190000 0.525000 0.080000 0.145000
1 0.871667 0.701250 0.073333 0.152500
1 0.725833 0.295000 0.055000 0.080000
0 0.528333 0.682500 0.086667 0.150000
2 0.940833 0.782500 0.045000 0.065000
2 0.217500 0.792500 0.148333 0.130000
3 0.760000 0.521250 0.096667 0.172500
2 0.737500 0.588750 0.115000 0.217500
2 0.345833 0.907500 0.038333 0.040000
0 0.214167 0.861250 0.048333 0.077500
3 0.635833 0.447500 0.101667 0.165000
0 0.865833 0.703750 0.125000 0.237500
0 0.710833 0.238750 0.111667 0.147500
1 0.807500 0.481250 0.035000 0.062500
0 0.805000 0.317500 0.090000 0.150000
0 0.144167 0.277500 0.148333 0.190000
1 0.208333 0.146250 0.130000 0.187500
0 0.496667 0.748750 0.073333 0.102500
