3 0.674167 0.708750 0.041667 0.152500
0 0.416667 0.787500 0.130000 0.215000
0 0.250000 0.033750 0.043333 0.057500
2 0.260000 0.593750 0.030000 0.042500
3 0.228333 0.211250 0.090000 0.077500
0 0.153333 0.766250 0.056667 0.077500
2 0.433333 0.206250 0.036667 0.107500
3 0.145833 0.126250 0.091667 0.137500
2 0.290833 0.383750 0.098333 0.137500
2 0.090833 0.835000 0.048333 0.150000
3 0.777500 0.722500 0.121667 0.135000
2 0.680000 0.365000 0.083333 0.070000
2 0.715000 0.775000 0.143333 0.250000
3 0.335000 0.275000 0.116667 0.120000
2 0.574167 0.540000 0.051667 0.080000
0 0.110833 0.495000 0.078333 0.155000
0 0.279167 0.605000 0.158333 0.245000
3 0.550833 0.273750 0.028333 0.067500
2 0.275000 0.822500 0.126667 0.180000
0 0.076667 0.777500 0.070000 0.115000
1 0.530833 0.596250 0.111667 0.162500
1 0.655833 0.098750 0.101667 0.197500
3 0.909167 0.293750 0.051667 0.102500
2 0.790833 0.513750 0.061667 0.117500
0 0.465833 0.396250 0.131667 0.182500
2 0.175833 0.608750 0.075000 0.107500
2 0.689167 0.105000 0.095000 0.065000
1 0.520833 0.810000 0.101667 0.185000
0 0.879167 0.520000 0.098333 0.150000
1 0.245000 0.241250 0.073333 0.087500
0 0.702500 0.796250 0.101667 0.152500
0 0.785000 0.666250 0.056667 0.127500
3 0.815000 0.273750 0.090000 0.132500
3 0.920000 0.378750 0.016667 0.037500
0 0.292500 0.190000 0.138333 0.205000
1 0.544167 0.260000 0.061667 0.150000
1 0.776667 0.500000 0.030000 0.050000
1 0.300000 0.481250 0.030000 0.032500
1 0.655000 0.233750 0.093333 0.137500
0 0.143333 0.333750 0.063333 0.072500
2 0.303333 0.500000 0.096667 0.125000
2 0.311667 0.821250 0.073333 0.102500
3 0.245000 0.115000 0.066667 0.090000
