3 0.509167 0.577500 0.081667 0.185000
0 0.673333 0.405000 0.150000 0.215000
2 0.054167 0.297500 0.038333 0.030000
2 0.094167 0.783750 0.158333 0.232500
0 0.433333 0.767500 0.123333 0.190000
3 0.294167 0.796250 0.055000 0.072500
0 0.295833 0.223750 0.071667 0.102500
2 0.307500 0.278750 0.155000 0.197500
0 0.841667 0.151250 0.080000 0.122500
1 0.665000 0.813750 0.050000 0.062500
1 0.040000 0.183750 0.046667 0.057500
1 0.623333 0.317500 0.060000 0.065000
0 0.320833 0.618750 0.135000 0.247500
2 0.180000 0.360000 0.100000 0.135000
0 0.515833 0.330000 0.158333 0.235000
3 0.140000 0.053750 0.026667 0.077500
3 0.082500 0.723750 0.015000 0.037500
1 0.111667 0.206250 0.106667 0.282500
3 0.374167 0.228750 0.088333 0.122500
3 0.139167 0.251250 0.115000 0.112500
3 0.800000 0.068750 0.113333 0.127500
2 0.692500 0.548750 0.111667 0.182500
3 0.129167 0.285000 0.078333 0.085000
3 0.197500 0.138750 0.121667 0.092500
1 0.065000 0.310000 0.116667 0.170000
1 0.261667 0.357500 0.140000 0.160000
1 0.651667 0.196250 0.106667 0.132500
0 0.409167 0.685000 0.068333 0.115000
2 0.100000 0.136250 0.060000 0.157500
3 0.484167 0.238750 0.081667 0.102500
3 0.151667 0.791250 0.053333 0.112500
3 0.772500 0.842500 0.045000 0.105000
3 0.277500 0.433750 0.115000 0.072500
2 0.739167 0.281250 0.068333 0.172500
1 0.587500 0.183750 0.055000 0.067500
0 0.944167 0.601250 0.095000 0.132500
0 0.351667 0.545000 0.090000 0.145000
1 0.923333 0.916250 0.050000 0.052500
