1 0.057500 0.805000 0.045000 0.080000
3 0.547500 0.707500 0.041667 0.120000
1 0.896667 0.852500 0.083333 0.105000
1 0.822500 0.348750 0.101667 0.162500
1 0.863333 0.213750 0.100000 0.147500
0 0.503333 0.797500 0.233333 0.285000
2 0.281667 0.276250 0.080000 0.152500
0 0.776667 0.651250 0.050000 0.072500
2 0.729167 0.861250 0.095000 0.127500
2 0.700000 0.685000 0.043333 0.060000
2 0.579167 0.076250 0.101667 0.147500
0 0.164167 0.656250 0.081667 0.122500
1 0.696667 0.791250 0.106667 0.212500
1 0.627500 0.626250 0.145000 0.162500
1 0.311667 0.360000 0.116667 0.150000
2 0.118333 0.443750 0.103333 0.117500
2 0.340000 0.156250 0.080000 0.177500
1 0.338333 0.501250 0.233333 0.217500
3 0.850833 0.208750 0.088333 0.167500
2 0.410833 0.540000 0.138333 0.255000
1 0.825833 0.340000 0.095000 0.120000
1 0.075000 0.488750 0.130000 0.252500
2 0.091667 0.453750 0.076667 0.102500
2 0.327500 0.646250 0.081667 0.122500
3 0.284167 0.086250 0.098333 0.107500
0 0.618333 0.243750 0.133333 0.187500
1 0.752500 0.231250 0.035000 0.042500
1 0.526667 0.520000 0.063333 0.080000
0 0.256667 0.547500 0.090000 0.165000
3 0.482500 0.251250 0.025000 0.062500
1 0.390000 0.136250 0.056667 0.062500
2 0.231667 0.072500 0.073333 0.090000
1 0.294167 0.831250 0.031667 0.062500
3 0.559167 0.756250 0.025000 0.042500
3 0.836667 0.370000 0.030000 0.025000
