3 0.080833 0.878750 0.051667 0.102500
3 0.857500 0.862500 0.091667 0.085000
1 0.128333 0.367500 0.093333 0.150000
2 0.425000 0.183750 0.050000 0.082500
2 0.758333 0.837500 0.073333 0.115000
2 0.619167 0.653750 0.128333 0.192500
0 0.613333 0.312500 0.193333 0.270000
1 0.886667 0.611250 0.106667 0.162500
1 0.490833 0.318750 0.105000 0.162500
2 0.895833 0.892500 0.068333 0.155000
0 0.285000 0.156250 0.146667 0.232500
0 0.460000 0.042500 0.040000 0.070000
2 0.675000 0.181250 0.056667 0.102500
0 0.453333 0.411250 0.063333 0.122500
1 0.590000 0.856250 0.080000 0.092500
1 0.923333 0.441250 0.093333 0.107500
3 0.734167 0.517500 0.231667 0.270000
3 0.042500 0.865000 0.075000 0.075000
1 0.330833 0.340000 0.091667 0.145000
2 0.370833 0.635000 0.071667 0.120000
3 0.595833 0.223750 0.188333 0.187500
3 0.240833 0.637500 0.011667 0.040000
2 0.890000 0.635000 0.120000 0.230000
3 0.820833 0.686250 0.051667 0.042500
2 0.244167 0.405000 0.121667 0.160000
0 0.092500 0.492500 0.031667 0.055000
0 0.162500 0.426250 0.091667 0.157500
0 0.137500 0.360000 0.065000 0.100000
0 0.804167 0.743750 0.138333 0.192500
0 0.741667 0.596250 0.136667 0.162500
2 0.614167 0.395000 0.125000 0.170000
3 0.830833 0.851250 0.038333 0.067500
1 0.319167 0.413750 0.105000 0.217500
3 0.763333 0.770000 0.123333 0.150000
1 0.564167 0.748750 0.085000 0.087500
0 0.171667 0.460000 0.080000 0.095000
3 0.801667 0.735000 0.066667 0.195000
3 0.165833 0.131250 0.075000 0.177500
0 0.018333 0.706250 0.030000 0.047500
