1 0.885833 0.043750 0.035000 0.037500
0 0.114167 0.467500 0.085000 0.100000
1 0.558333 0.520000 0.113333 0.200000
1 0.060000 0.530000 0.066667 0.135000
1 0.648333 0.627500 0.100000 0.220000
1 0.216667 0.211250 0.133333 0.217500
0 0.703333 0.602500 0.153333 0.265000
1 0.240833 0.857500 0.058333 0.065000
0 0.362500 0.213750 0.068333 0.097500
1 0.539167 0.086250 0.081667 0.147500
1 0.656667 0.458750 0.130000 0.187500
3 0.345833 0.245000 0.018333 0.050000
2 0.563333 0.566250 0.050000 0.002500
2 0.584167 0.457500 0.158333 0.260000
3 0.656667 0.702500 0.110000 0.155000
3 0.526667 0.647500 0.086667 0.125000
2 0.107500 0.795000 0.091667 0.140000
3 0.317500 0.482500 0.061667 0.070000
0 0.556667 0.707500 0.103333 0.165000
0 0.262500 0.725000 0.108333 0.155000
1 0.774167 0.451250 0.068333 0.087500
0 0.572500 0.391250 0.041667 0.052500
3 0.571667 0.197500 0.033333 0.055000
0 0.466667 0.786250 0.176667 0.237500
3 0.540000 0.340000 0.080000 0.155000
1 0.148333 0.360000 0.063333 0.170000
2 0.175000 0.817500 0.060000 0.050000
0 0.634167 0.611250 0.135000 0.222500
