3 0.836667 0.086250 0.106667 0.117500
2 0.198333 0.216250 0.070000 0.067500
2 0.735833 0.628750 0.138333 0.137500
0 0.488333 0.202500 0.140000 0.240000
1 0.758333 0.641250 0.080000 0.092500
0 0.393333 0.760000 0.040000 0.060000
0 0.173333 0.961250 0.050000 0.062500
1 0.298333 0.548750 0.036667 0.042500
0 0.251667 0.245000 0.076667 0.120000
0 0.296667 0.266250 0.033333 0.057500
3 0.456667 0.585000 0.063333 0.060000
2 0.555000 0.243750 0.136667 0.122500
3 0.855000 0.420000 0.103333 0.110000
2 0.087500 0.783750 0.161667 0.262500
3 0.555000 0.633750 0.126667 0.172500
3 0.554167 0.341250 0.051667 0.097500
3 0.581667 0.122500 0.073333 0.065000
0 0.844167 0.698750 0.071667 0.107500
1 0.315000 0.085000 0.086667 0.135000
0 0.054167 0.761250 0.051667 0.097500
3 0.228333 0.613750 0.113333 0.142500
2 0.289167 0.660000 0.058333 0.090000
1 0.558333 0.381250 0.060000 0.112500
0 0.126667 0.300000 0.040000 0.055000
0 0.898333 0.506250 0.116667 0.237500
2 0.491667 0.543750 0.046667 0.122500
0 0.174167 0.536250 0.085000 0.107500
0 0.505000 0.790000 0.156667 0.240000
0 0.474167 0.375000 0.138333 0.200000
0 0.490000 0.277500 0.136667 0.180000
3 0.180000 0.727500 0.113333 0.130000
3 0.825833 0.468750 0.041667 0.037500
2 0.300000 0.876250 0.103333 0.152500
1 0.896667 0.456250 0.050000 0.067500
0 0.144167 0.093750 0.155000 0.182500
2 0.377500 0.417500 0.095000 0.240000
3 0.833333 0.125000 0.110000 0.085000
0 0.540833 0.878750 0.041667 0.047500
2 0.147500 0.287500 0.138333 0.190000
1 0.730000 0.771250 0.116667 0.152500
1 0.260833 0.301250 0.161667 0.237500
0 0.723333 0.235000 0.150000 0.215000
2 0.505833 0.875000 0.125000 0.145000
1 0.464167 0.522500 0.125000 0.215000
2 0.351667 0.352500 0.043333 0.080000
