2 0.685000 0.338750 0.073333 0.187500
1 0.678333 0.856250 0.050000 0.072500
2 0.305000 0.661250 0.030000 0.052500
0 0.261667 0.475000 0.043333 0.105000
3 0.057500 0.646250 0.105000 0.182500
3 0.847500 0.387500 0.131667 0.135000
1 0.743333 0.126250 0.090000 0.087500
3 0.485833 0.296250 0.075000 0.057500
2 0.140833 0.332500 0.085000 0.125000
3 0.715833 0.511250 0.031667 0.052500
3 0.852500 0.525000 0.078333 0.135000
0 0.276667 0.753750 0.153333 0.182500
0 0.218333 0.480000 0.206667 0.280000
2 0.625833 0.362500 0.155000 0.145000
0 0.636667 0.656250 0.066667 0.107500
0 0.638333 0.611250 0.050000 0.082500
0 0.849167 0.188750 0.131667 0.167500
3 0.531667 0.301250 0.070000 0.082500
1 0.235000 0.516250 0.063333 0.067500
0 0.778333 0.858750 0.136667 0.172500
0 0.095833 0.392500 0.108333 0.185000
2 0.502500 0.036250 0.065000 0.067500
3 0.820000 0.722500 0.073333 0.060000
2 0.156667 0.356250 0.066667 0.177500
1 0.797500 0.836250 0.081667 0.177500
3 0.727500 0.817500 0.071667 0.060000
2 0.393333 0.181250 0.063333 0.047500
1 0.956667 0.915000 0.036667 0.030000
2 0.235833 0.106250 0.095000 0.087500
0 0.720000 0.337500 0.113333 0.230000
1 0.697500 0.210000 0.145000 0.175000
2 0.514167 0.382500 0.105000 0.080000
1 0.654167 0.526250 0.048333 0.062500
1 0.796667 0.666250 0.066667 0.057500
0 0.030000 0.318750 0.036667 0.062500
3 0.121667 0.293750 0.080000 0.122500
1 0.664167 0.393750 0.048333 0.092500
0 0.085833 0.521250 0.151667 0.232500
0 0.719167 0.150000 0.098333 0.145000
1 0.344167 0.288750 0.098333 0.112500
0 0.119167 0.405000 0.151667 0.245000
0 0.885833 0.636250 0.161667 0.242500
2 0.880833 0.443750 0.088333 0.122500
1 0.290000 0.592500 0.130000 0.150000
