2 0.642500 0.775000 0.045000 0.065000
0 0.354167 0.147500 0.048333 0.110000
1 0.673333 0.230000 0.000000 0.000000
0 0.115000 0.563750 0.043333 0.067500
0 0.859167 0.398750 0.188333 0.222500
1 0.538333 0.587500 0.113333 0.150000
2 0.773333 0.907500 0.036667 0.030000
1 0.911667 0.253750 0.033333 0.072500
1 0.584167 0.860000 0.078333 0.145000
1 0.595833 0.163750 0.058333 0.062500
0 0.445833 0.637500 0.161667 0.250000
3 0.330833 0.721250 0.265000 0.222500
3 0.617500 0.591250 0.048333 0.117500
2 0.620833 0.167500 0.055000 0.100000
2 0.804167 0.485000 0.085000 0.090000
3 0.716667 0.213750 0.053333 0.137500
