2 0.130833 0.603750 0.071667 0.172500
1 0.455000 0.127500 0.193333 0.220000
3 0.806667 0.528750 0.026667 0.032500
2 0.322500 0.766250 0.155000 0.167500
1 0.080833 0.137500 0.021667 0.060000
0 0.286667 0.267500 0.166667 0.240000
1 0.662500 0.951250 0.035000 0.057500
2 0.459167 0.821250 0.141667 0.257500
2 0.135000 0.227500 0.143333 0.195000
0 0.172500 0.848750 0.171667 0.257500
1 0.163333 0.138750 0.060000 0.082500
1 0.388333 0.208750 0.153333 0.207500
3 0.295000 0.733750 0.020000 0.057500
1 0.782500 0.402500 0.058333 0.085000
3 0.406667 0.078750 0.036667 0.082500
1 0.951667 0.687500 0.056667 0.060000
0 0.630000 0.237500 0.140000 0.205000
2 0.800000 0.361250 0.063333 0.077500
3 0.132500 0.460000 0.051667 0.120000
2 0.297500 0.411250 0.075000 0.112500
1 0.335833 0.350000 0.101667 0.110000
2 0.520833 0.456250 0.041667 0.082500
2 0.490000 0.430000 0.070000 0.060000
2 0.669167 0.180000 0.085000 0.095000
3 0.244167 0.052500 0.081667 0.095000
0 0.667500 0.621250 0.158333 0.232500
2 0.575833 0.790000 0.058333 0.160000
0 0.317500 0.391250 0.051667 0.082500
2 0.489167 0.445000 0.065000 0.235000
0 0.794167 0.527500 0.115000 0.145000
