1 0.207500 0.491250 0.071667 0.062500
3 0.314167 0.300000 0.028333 0.025000
3 0.452500 0.811250 0.031667 0.037500
1 0.564167 0.540000 0.038333 0.055000
1 0.103333 0.298750 0.106667 0.217500
0 0.933333 0.080000 0.080000 0.090000
2 0.813333 0.193750 0.080000 0.062500
2 0.484167 0.530000 0.151667 0.160000
3 0.370000 0.706250 0.096667 0.147500
1 0.161667 0.625000 0.060000 0.105000
0 0.747500 0.713750 0.088333 0.187500
3 0.585833 0.475000 0.061667 0.070000
0 0.533333 0.193750 0.133333 0.157500
0 0.739167 0.056250 0.035000 0.072500
1 0.484167 0.902500 0.031667 0.045000
3 0.252500 0.676250 0.078333 0.097500
0 0.650000 0.556250 0.133333 0.222500
1 0.620000 0.297500 0.070000 0.105000
0 0.388333 0.035000 0.030000 0.035000
1 0.090833 0.081250 0.091667 0.102500
0 0.215833 0.117500 0.158333 0.235000
3 0.470000 0.391250 0.080000 0.092500
2 0.590833 0.053750 0.055000 0.067500
0 0.435000 0.657500 0.130000 0.230000
1 0.396667 0.727500 0.190000 0.230000
0 0.431667 0.521250 0.053333 0.097500
0 0.368333 0.768750 0.043333 0.062500
1 0.900000 0.848750 0.036667 0.037500
2 0.775000 0.853750 0.100000 0.162500
3 0.310833 0.240000 0.098333 0.130000
2 0.610000 0.578750 0.036667 0.072500
3 0.629167 0.562500 0.098333 0.180000
2 0.047500 0.460000 0.051667 0.080000
2 0.723333 0.420000 0.040000 0.085000
3 0.709167 0.696250 0.085000 0.187500
3 0.835000 0.763750 0.050000 0.157500
2 0.791667 0.698750 0.100000 0.152500
0 0.190833 0.651250 0.055000 0.077500
0 0.127500 0.535000 0.061667 0.110000
3 0.225000 0.861250 0.110000 0.127500
2 0.592500 0.628750 0.155000 0.142500
