0 0.383333 0.185000 0.050000 0.080000
0 0.302500 0.658750 0.045000 0.067500
0 0.196667 0.721250 0.070000 0.097500
1 0.585000 0.531250 0.076667 0.152500
3 0.674167 0.312500 0.055000 0.130000
1 0.195833 0.358750 0.118333 0.147500
3 0.922500 0.061250 0.018333 0.047500
2 0.585833 0.551250 0.061667 0.127500
2 0.236667 0.772500 0.106667 0.120000
0 0.350833 0.545000 0.145000 0.250000
1 0.942500 0.375000 0.041667 0.060000
3 0.534167 0.091250 0.051667 0.107500
0 0.783333 0.527500 0.123333 0.200000
1 0.643333 0.492500 0.036667 0.040000
0 0.736667 0.555000 0.116667 0.140000
0 0.090833 0.792500 0.051667 0.085000
0 0.360833 0.862500 0.091667 0.120000
1 0.365000 0.388750 0.036667 0.067500
1 0.429167 0.338750 0.208333 0.237500
3 0.778333 0.220000 0.053333 0.065000
0 0.181667 0.698750 0.143333 0.177500
0 0.302500 0.760000 0.081667 0.110000
1 0.050833 0.505000 0.058333 0.090000
3 0.891667 0.106250 0.083333 0.077500
0 0.495833 0.472500 0.085000 0.135000
3 0.815000 0.630000 0.086667 0.100000
2 0.748333 0.211250 0.073333 0.107500
3 0.859167 0.161250 0.091667 0.142500
2 0.953333 0.321250 0.043333 0.032500
1 0.156667 0.530000 0.096667 0.110000
1 0.109167 0.122500 0.028333 0.060000
2 0.632500 0.170000 0.021667 0.045000
3 0.895000 0.092500 0.043333 0.045000
