0 0.635000 0.790000 0.063333 0.085000
1 0.227500 0.558750 0.078333 0.087500
3 0.620000 0.495000 0.093333 0.070000
1 0.341667 0.306250 0.146667 0.152500
0 0.205833 0.575000 0.095000 0.125000
1 0.665833 0.676250 0.131667 0.157500
2 0.786667 0.732500 0.130000 0.135000
2 0.342500 0.562500 0.155000 0.150000
3 0.523333 0.386250 0.046667 0.107500
0 0.250833 0.358750 0.101667 0.147500
1 0.060833 0.730000 0.055000 0.105000
3 0.492500 0.810000 0.191667 0.145000
3 0.726667 0.495000 0.043333 0.040000
0 0.156667 0.296250 0.030000 0.047500
3 0.319167 0.187500 0.111667 0.105000
