2 0.467500 0.865000 0.088333 0.160000
0 0.149167 0.833750 0.101667 0.117500
0 0.295000 0.297500 0.103333 0.150000
3 0.919167 0.783750 0.058333 0.072500
0 0.104167 0.532500 0.085000 0.135000
2 0.874167 0.556250 0.088333 0.127500
2 0.104167 0.602500 0.135000 0.195000
3 0.916667 0.426250 0.023333 0.072500
3 0.877500 0.346250 0.038333 0.087500
0 0.242500 0.306250 0.158333 0.237500
2 0.960000 0.395000 0.043333 0.070000
3 0.553333 0.736250 0.213333 0.317500
1 0.574167 0.268750 0.111667 0.137500
2 0.366667 0.612500 0.116667 0.145000
0 0.162500 0.380000 0.125000 0.205000
1 0.047500 0.876250 0.025000 0.072500
1 0.972500 0.080000 0.035000 0.050000
0 0.580000 0.235000 0.113333 0.205000
0 0.561667 0.830000 0.153333 0.225000
1 0.644167 0.463750 0.121667 0.172500
2 0.935000 0.466250 0.043333 0.067500
2 0.620833 0.145000 0.141667 0.170000
1 0.229167 0.332500 0.101667 0.115000
0 0.199167 0.796250 0.148333 0.212500
3 0.675833 0.786250 0.098333 0.112500
0 0.173333 0.603750 0.160000 0.252500
1 0.738333 0.786250 0.043333 0.067500
0 0.771667 0.803750 0.050000 0.077500
0 0.445000 0.171250 0.173333 0.242500
2 0.358333 0.875000 0.056667 0.065000
3 0.055833 0.813750 0.041667 0.112500
2 0.196667 0.397500 0.106667 0.170000
3 0.615833 0.431250 0.131667 0.107500
0 0.216667 0.505000 0.040000 0.060000
3 0.271667 0.220000 0.110000 0.110000
3 0.225833 0.680000 0.091667 0.075000
0 0.808333 0.610000 0.160000 0.230000
3 0.655000 0.615000 0.053333 0.110000
2 0.697500 0.671250 0.045000 0.042500
3 0.373333 0.528750 0.023333 0.077500
0 0.796667 0.641250 0.110000 0.177500
1 0.615000 0.237500 0.080000 0.155000
3 0.096667 0.072500 0.026667 0.080000
1 0.151667 0.036250 0.030000 0.032500
2 0.205833 0.308750 0.065000 0.152500
3 0.133333 0.913750 0.033333 0.042500
1 0.353333 0.555000 0.070000 0.090000
1 0.285833 0.497500 0.035000 0.045000
3 0.532500 0.313750 0.061667 0.137500
