1 0.100833 0.361250 0.031667 0.042500
3 0.387500 0.390000 0.225000 0.295000
1 0.213333 0.183750 0.096667 0.137500
3 0.315833 0.807500 0.038333 0.055000
1 0.250000 0.273750 0.136667 0.197500
2 0.727500 0.243750 0.061667 0.047500
1 0.924167 0.567500 0.051667 0.080000
3 0.418333 0.690000 0.110000 0.090000
2 0.505000 0.335000 0.033333 0.050000
2 0.855833 0.783750 0.091667 0.117500
3 0.302500 0.246250 0.065000 0.157500
2 0.754167 0.500000 0.118333 0.140000
1 0.295000 0.838750 0.093333 0.097500
3 0.419167 0.357500 0.058333 0.070000
1 0.290000 0.752500 0.100000 0.110000
3 0.920833 0.267500 0.091667 0.075000
3 0.420833 0.062500 0.018333 0.055000
2 0.860833 0.772500 0.128333 0.130000
3 0.160833 0.138750 0.098333 0.087500
3 0.460000 0.486250 0.106667 0.157500
3 0.325000 0.836250 0.126667 0.137500
0 0.739167 0.261250 0.145000 0.212500
3 0.318333 0.238750 0.073333 0.132500
2 0.195833 0.563750 0.035000 0.037500
1 0.831667 0.093750 0.040000 0.067500
3 0.777500 0.162500 0.125000 0.110000
0 0.213333 0.220000 0.090000 0.150000
0 0.795000 0.113750 0.123333 0.142500
0 0.610000 0.405000 0.183333 0.245000
1 0.817500 0.726250 0.138333 0.202500
2 0.282500 0.392500 0.061667 0.175000
2 0.873333 0.846250 0.116667 0.157500
0 0.350833 0.291250 0.031667 0.057500
0 0.838333 0.858750 0.086667 0.107500
0 0.028333 0.740000 0.046667 0.085000
2 0.642500 0.566250 0.128333 0.222500
1 0.275000 0.766250 0.200000 0.227500
2 0.090000 0.772500 0.063333 0.075000
0 0.659167 0.097500 0.115000 0.160000
1 0.436667 0.236250 0.130000 0.197500
1 0.035833 0.765000 0.041667 0.090000
0 0.673333 0.681250 0.103333 0.177500
1 0.673333 0.197500 0.133333 0.215000
0 0.530000 0.517500 0.056667 0.085000
3 0.049167 0.472500 0.091667 0.180000
0 0.029167 0.176250 0.001667 0.082500
0 0.065833 0.883750 0.128333 0.152500
