3 0.220000 0.455000 0.093333 0.080000
1 0.249167 0.618750 0.125000 0.177500
1 0.165000 0.363750 0.086667 0.117500
2 0.617500 0.728750 0.108333 0.177500
0 0.575833 0.206250 0.055000 0.082500
2 0.663333 0.376250 0.063333 0.102500
3 0.801667 0.481250 0.060000 0.092500
2 0.720833 0.121250 0.048333 0.072500
1 0.740833 0.286250 0.101667 0.167500
0 0.310833 0.163750 0.131667 0.152500
2 0.045000 0.932500 0.040000 0.105000
0 0.814167 0.707500 0.101667 0.225000
3 0.727500 0.867500 0.065000 0.070000
2 0.769167 0.735000 0.095000 0.085000
1 0.866667 0.356250 0.073333 0.137500
2 0.948333 0.301250 0.076667 0.077500
1 0.882500 0.415000 0.065000 0.090000
2 0.415833 0.370000 0.048333 0.185000
2 0.785000 0.873750 0.073333 0.087500
3 0.847500 0.211250 0.061667 0.052500
1 0.586667 0.235000 0.130000 0.185000
1 0.795833 0.350000 0.138333 0.185000
3 0.650833 0.223750 0.038333 0.037500
3 0.482500 0.758750 0.058333 0.047500
2 0.687500 0.866250 0.088333 0.167500
2 0.796667 0.608750 0.046667 0.087500
3 0.800000 0.666250 0.046667 0.122500
3 0.280000 0.367500 0.070000 0.075000
1 0.392500 0.773750 0.085000 0.102500
1 0.800000 0.845000 0.093333 0.160000
2 0.145000 0.347500 0.203333 0.265000
3 0.869167 0.602500 0.055000 0.105000
1 0.894167 0.812500 0.065000 0.100000
3 0.264167 0.547500 0.115000 0.185000
1 0.058333 0.113750 0.033333 0.032500
