2 0.376667 0.605000 0.056667 0.090000
3 0.785833 0.477500 0.085000 0.125000
2 0.226667 0.561250 0.060000 0.122500
3 0.410833 0.677500 0.081667 0.115000
2 0.888333 0.295000 0.130000 0.245000
3 0.071667 0.355000 0.043333 0.035000
3 0.681667 0.076250 0.040000 0.067500
1 0.884167 0.566250 0.141667 0.202500
1 0.608333 0.348750 0.106667 0.182500
1 0.272500 0.336250 0.118333 0.177500
1 0.551667 0.667500 0.083333 0.140000
3 0.420000 0.317500 0.016667 0.045000
3 0.620833 0.606250 0.108333 0.197500
1 0.818333 0.268750 0.073333 0.097500
2 0.271667 0.481250 0.106667 0.157500
2 0.362500 0.651250 0.041667 0.037500
0 0.655833 0.853750 0.095000 0.117500
1 0.643333 0.490000 0.116667 0.115000
3 0.484167 0.331250 0.101667 0.122500
3 0.849167 0.731250 0.038333 0.082500
1 0.850833 0.158750 0.028333 0.047500
