1 0.174167 0.132500 0.181667 0.190000
0 0.331667 0.361250 0.223333 0.302500
3 0.705833 0.482500 0.078333 0.140000
1 0.508333 0.401250 0.050000 0.062500
0 0.840833 0.197500 0.035000 0.050000
0 0.095833 0.561250 0.115000 0.192500
1 0.747500 0.303750 0.035000 0.057500
2 0.795000 0.837500 0.103333 0.105000
0 0.035000 0.303750 0.043333 0.062500
3 0.695000 0.287500 0.050000 0.050000
1 0.797500 0.788750 0.035000 0.077500
0 0.960000 0.960000 0.050000 0.065000
2 0.838333 0.415000 0.053333 0.255000
3 0.850833 0.427500 0.221667 0.250000
3 0.417500 0.445000 0.058333 0.075000
1 0.405833 0.731250 0.081667 0.137500
1 0.852500 0.182500 0.111667 0.150000
2 0.170833 0.511250 0.041667 0.187500
3 0.360833 0.218750 0.208333 0.207500
1 0.438333 0.185000 0.130000 0.160000
0 0.375000 0.392500 0.160000 0.255000
2 0.090833 0.037500 0.031667 0.045000
0 0.297500 0.682500 0.081667 0.120000
0 0.163333 0.507500 0.136667 0.225000
2 0.458333 0.242500 0.070000 0.115000
1 0.569167 0.362500 0.101667 0.120000
0 0.326667 0.560000 0.110000 0.170000
1 0.605833 0.197500 0.081667 0.125000
1 0.385833 0.848750 0.125000 0.167500
0 0.748333 0.560000 0.123333 0.185000
2 0.432500 0.453750 0.031667 0.022500
2 0.879167 0.286250 0.118333 0.127500
0 0.506667 0.586250 0.043333 0.067500
3 0.913333 0.467500 0.043333 0.110000
