0 0.785000 0.036250 0.050000 0.067500
3 0.184167 0.556250 0.095000 0.072500
0 0.355000 0.312500 0.033333 0.060000
3 0.128333 0.651250 0.166667 0.192500
0 0.070833 0.648750 0.135000 0.217500
3 0.157500 0.725000 0.055000 0.045000
2 0.744167 0.382500 0.061667 0.070000
0 0.864167 0.708750 0.085000 0.162500
2 0.227500 0.775000 0.035000 0.040000
0 0.287500 0.245000 0.125000 0.265000
1 0.540833 0.711250 0.035000 0.092500
1 0.870000 0.573750 0.126667 0.147500
2 0.560000 0.465000 0.123333 0.090000
3 0.239167 0.258750 0.081667 0.082500
3 0.097500 0.547500 0.151667 0.265000
2 0.880833 0.246250 0.088333 0.172500
1 0.145833 0.928750 0.108333 0.122500
2 0.800833 0.136250 0.058333 0.057500
2 0.584167 0.338750 0.165000 0.192500
1 0.813333 0.437500 0.116667 0.135000
3 0.381667 0.587500 0.046667 0.100000
2 0.265000 0.646250 0.140000 0.172500
1 0.570833 0.101250 0.071667 0.097500
3 0.190000 0.308750 0.130000 0.172500
2 0.550833 0.843750 0.045000 0.107500
1 0.849167 0.752500 0.035000 0.050000
2 0.755833 0.458750 0.058333 0.147500
0 0.510833 0.215000 0.145000 0.180000
3 0.886667 0.452500 0.086667 0.200000
0 0.484167 0.371250 0.118333 0.202500
3 0.565833 0.613750 0.061667 0.092500
2 0.571667 0.835000 0.036667 0.040000
0 0.704167 0.621250 0.141667 0.192500
3 0.728333 0.155000 0.080000 0.110000
2 0.245833 0.553750 0.065000 0.157500
2 0.299167 0.333750 0.085000 0.132500
3 0.556667 0.761250 0.053333 0.097500
3 0.609167 0.506250 0.095000 0.102500
1 0.420833 0.572500 0.098333 0.110000
1 0.382500 0.627500 0.051667 0.105000
2 0.169167 0.087500 0.121667 0.140000
0 0.538333 0.330000 0.133333 0.195000
3 0.761667 0.102500 0.086667 0.120000
0 0.080000 0.797500 0.130000 0.190000
3 0.438333 0.747500 0.130000 0.090000
