0 0.195000 0.785000 0.153333 0.255000
1 0.810000 0.337500 0.133333 0.180000
1 0.351667 0.563750 0.136667 0.157500
2 0.281667 0.515000 0.066667 0.090000
0 0.917500 0.620000 0.045000 0.065000
3 0.394167 0.685000 0.111667 0.090000
3 0.201667 0.465000 0.120000 0.105000
2 0.300000 0.275000 0.090000 0.125000
3 0.511667 0.177500 0.123333 0.100000
1 0.068333 0.631250 0.123333 0.167500
3 0.089167 0.295000 0.021667 0.040000
0 0.805833 0.282500 0.075000 0.125000
1 0.524167 0.887500 0.038333 0.055000
3 0.210000 0.580000 0.040000 0.085000
0 0.585000 0.250000 0.040000 0.065000
3 0.549167 0.538750 0.188333 0.187500
1 0.800000 0.835000 0.046667 0.070000
1 0.548333 0.551250 0.023333 0.047500
3 0.710833 0.353750 0.081667 0.072500
0 0.800000 0.228750 0.096667 0.182500
2 0.209167 0.528750 0.141667 0.147500
2 0.033333 0.865000 0.030000 0.055000
3 0.847500 0.457500 0.108333 0.130000
2 0.714167 0.057500 0.058333 0.080000
0 0.645833 0.393750 0.118333 0.147500
2 0.275000 0.356250 0.096667 0.222500
1 0.344167 0.600000 0.068333 0.075000
1 0.515833 0.432500 0.131667 0.230000
2 0.399167 0.383750 0.131667 0.177500
2 0.530000 0.448750 0.070000 0.162500
1 0.391667 0.161250 0.086667 0.107500
0 0.534167 0.313750 0.078333 0.092500
2 0.346667 0.861250 0.066667 0.097500
3 0.199167 0.481250 0.115000 0.087500
1 0.833333 0.591250 0.086667 0.187500
3 0.770000 0.832500 0.056667 0.055000
1 0.787500 0.608750 0.135000 0.147500
2 0.234167 0.265000 0.031667 0.030000
2 0.611667 0.792500 0.106667 0.160000
0 0.669167 0.340000 0.081667 0.200000
1 0.451667 0.246250 0.063333 0.077500
3 0.158333 0.285000 0.100000 0.120000
3 0.270000 0.435000 0.066667 0.095000
3 0.740833 0.760000 0.065000 0.070000
1 0.715833 0.086250 0.088333 0.107500
3 0.795000 0.588750 0.136667 0.112500
0 0.644167 0.538750 0.091667 0.137500
2 0.940000 0.270000 0.033333 0.125000
