2 0.414167 0.515000 0.038333 0.080000
0 0.084167 0.570000 0.168333 0.285000
2 0.702500 0.620000 0.095000 0.100000
1 0.460000 0.428750 0.103333 0.132500
2 0.740000 0.623750 0.053333 0.087500
0 0.085000 0.700000 0.120000 0.175000
3 0.350833 0.122500 0.121667 0.145000
0 0.339167 0.148750 0.155000 0.232500
0 0.300000 0.105000 0.050000 0.060000
0 0.405000 0.458750 0.076667 0.117500
2 0.183333 0.652500 0.066667 0.090000
3 0.192500 0.571250 0.081667 0.097500
1 0.867500 0.275000 0.041667 0.070000
2 0.568333 0.641250 0.130000 0.162500
0 0.175000 0.295000 0.126667 0.190000
2 0.070833 0.173750 0.061667 0.137500
3 0.352500 0.583750 0.075000 0.042500
1 0.843333 0.473750 0.103333 0.132500
0 0.273333 0.292500 0.136667 0.165000
3 0.170833 0.490000 0.035000 0.030000
2 0.326667 0.657500 0.050000 0.190000
2 0.115833 0.528750 0.155000 0.172500
3 0.073333 0.273750 0.053333 0.092500
0 0.549167 0.296250 0.095000 0.157500
0 0.039167 0.615000 0.058333 0.095000
0 0.648333 0.806250 0.100000 0.152500
3 0.020833 0.292500 0.035000 0.060000
2 0.492500 0.631250 0.088333 0.132500
1 0.174167 0.813750 0.128333 0.147500
