3 0.403333 0.295000 0.043333 0.120000
0 0.860000 0.462500 0.083333 0.155000
0 0.319167 0.548750 0.148333 0.242500
1 0.094167 0.521250 0.145000 0.142500
0 0.354167 0.583750 0.038333 0.057500
3 0.310000 0.110000 0.136667 0.135000
2 0.545833 0.763750 0.075000 0.062500
1 0.639167 0.543750 0.131667 0.182500
3 0.280000 0.486250 0.026667 0.072500
3 0.030833 0.382500 0.028333 0.025000
3 0.591667 0.693750 0.110000 0.097500
3 0.804167 0.545000 0.025000 0.035000
2 0.062500 0.342500 0.038333 0.025000
3 0.900000 0.198750 0.040000 0.032500
3 0.585000 0.751250 0.040000 0.067500
3 0.930000 0.777500 0.080000 0.105000
