3 0.250000 0.672500 0.086667 0.105000
0 0.500833 0.657500 0.145000 0.220000
1 0.170000 0.470000 0.123333 0.190000
0 0.159167 0.636250 0.068333 0.102500
2 0.100000 0.838750 0.150000 0.212500
0 0.322500 0.411250 0.061667 0.097500
3 0.295000 0.103750 0.043333 0.137500
0 0.857500 0.290000 0.045000 0.055000
3 0.168333 0.187500 0.070000 0.100000
1 0.688333 0.412500 0.100000 0.120000
0 0.148333 0.153750 0.126667 0.187500
1 0.198333 0.695000 0.103333 0.205000
0 0.148333 0.360000 0.156667 0.235000
3 0.495833 0.198750 0.058333 0.082500
3 0.451667 0.465000 0.063333 0.070000
3 0.657500 0.155000 0.088333 0.095000
2 0.230000 0.357500 0.133333 0.195000
0 0.131667 0.520000 0.110000 0.180000
0 0.394167 0.056250 0.058333 0.092500
0 0.311667 0.145000 0.076667 0.090000
3 0.652500 0.665000 0.125000 0.110000
3 0.757500 0.308750 0.068333 0.102500
3 0.211667 0.806250 0.083333 0.072500
3 0.940000 0.885000 0.066667 0.060000
1 0.077500 0.300000 0.098333 0.095000
3 0.268333 0.593750 0.063333 0.092500
3 0.942500 0.515000 0.035000 0.025000
3 0.574167 0.300000 0.058333 0.045000
2 0.859167 0.891250 0.085000 0.137500
0 0.495833 0.463750 0.051667 0.062500
3 0.621667 0.502500 0.070000 0.155000
3 0.463333 0.191250 0.083333 0.132500
1 0.274167 0.405000 0.108333 0.180000
3 0.576667 0.183750 0.056667 0.082500
0 0.357500 0.700000 0.155000 0.270000
3 0.714167 0.746250 0.051667 0.057500
0 0.875833 0.652500 0.048333 0.055000
2 0.375000 0.238750 0.076667 0.092500
2 0.875000 0.345000 0.086667 0.105000
2 0.432500 0.588750 0.128333 0.132500
0 0.657500 0.285000 0.161667 0.230000
1 0.086667 0.520000 0.136667 0.180000
2 0.103333 0.777500 0.116667 0.175000
2 0.041667 0.411250 0.070000 0.107500
3 0.159167 0.187500 0.075000 0.140000
0 0.350000 0.067500 0.063333 0.100000
1 0.328333 0.185000 0.043333 0.080000
3 0.844167 0.553750 0.038333 0.057500
