2 0.175833 0.370000 0.128333 0.195000
3 0.908333 0.086250 0.043333 0.122500
2 0.805833 0.220000 0.068333 0.090000
0 0.568333 0.708750 0.183333 0.227500
1 0.844167 0.520000 0.098333 0.140000
2 0.369167 0.305000 0.145000 0.115000
3 0.344167 0.120000 0.061667 0.145000
1 0.431667 0.767500 0.120000 0.180000
0 0.695833 0.412500 0.115000 0.185000
1 0.788333 0.663750 0.060000 0.097500
2 0.167500 0.235000 0.048333 0.060000
0 0.187500 0.265000 0.048333 0.080000
2 0.630833 0.863750 0.088333 0.122500
0 0.547500 0.463750 0.098333 0.192500
1 0.849167 0.116250 0.121667 0.127500
3 0.119167 0.120000 0.075000 0.175000
1 0.075833 0.323750 0.081667 0.097500
2 0.063333 0.568750 0.116667 0.187500
1 0.201667 0.465000 0.073333 0.120000
3 0.189167 0.580000 0.025000 0.090000
3 0.220833 0.093750 0.068333 0.037500
3 0.050000 0.878750 0.073333 0.052500
1 0.332500 0.842500 0.065000 0.085000
1 0.218333 0.773750 0.050000 0.057500
0 0.731667 0.152500 0.046667 0.075000
0 0.527500 0.826250 0.105000 0.122500
