0 0.930833 0.525000 0.038333 0.080000
0 0.410000 0.267500 0.033333 0.050000
3 0.537500 0.035000 0.091667 0.065000
1 0.735000 0.292500 0.096667 0.195000
0 0.727500 0.577500 0.195000 0.290000
0 0.600833 0.307500 0.111667 0.155000
0 0.740833 0.857500 0.161667 0.225000
1 0.768333 0.286250 0.103333 0.192500
3 0.664167 0.325000 0.108333 0.105000
2 0.380833 0.712500 0.015000 0.055000
1 0.520833 0.527500 0.095000 0.120000
1 0.467500 0.818750 0.051667 0.102500
3 0.411667 0.238750 0.043333 0.072500
2 0.547500 0.326250 0.168333 0.182500
2 0.560000 0.373750 0.103333 0.217500
0 0.407500 0.136250 0.068333 0.092500
3 0.487500 0.432500 0.075000 0.155000
2 0.286667 0.153750 0.096667 0.147500
3 0.106667 0.052500 0.033333 0.080000
