2 0.099167 0.628750 0.135000 0.207500
3 0.596667 0.383750 0.070000 0.062500
3 0.670833 0.280000 0.068333 0.120000
0 0.380833 0.160000 0.141667 0.255000
2 0.201667 0.142500 0.130000 0.175000
3 0.542500 0.651250 0.088333 0.107500
1 0.375000 0.092500 0.123333 0.130000
1 0.759167 0.852500 0.055000 0.070000
3 0.440833 0.031250 0.041667 0.062500
1 0.435833 0.403750 0.058333 0.052500
1 0.709167 0.460000 0.051667 0.110000
0 0.101667 0.640000 0.033333 0.050000
0 0.885833 0.617500 0.061667 0.090000
3 0.725000 0.811250 0.066667 0.182500
1 0.400833 0.455000 0.058333 0.070000
1 0.384167 0.315000 0.125000 0.185000
3 0.401667 0.473750 0.083333 0.122500
0 0.444167 0.817500 0.161667 0.230000
1 0.103333 0.395000 0.033333 0.065000
1 0.924167 0.203750 0.031667 0.052500
2 0.645000 0.757500 0.056667 0.060000
1 0.410833 0.628750 0.078333 0.137500
0 0.860000 0.590000 0.080000 0.105000
1 0.556667 0.423750 0.060000 0.082500
2 0.970000 0.872500 0.030000 0.045000
2 0.171667 0.187500 0.076667 0.115000
3 0.367500 0.823750 0.031667 0.027500
3 0.620833 0.598750 0.121667 0.107500
0 0.946667 0.516250 0.053333 0.092500
3 0.547500 0.448750 0.235000 0.272500
0 0.188333 0.506250 0.076667 0.132500
2 0.925833 0.486250 0.075000 0.107500
0 0.433333 0.790000 0.023333 0.055000
0 0.437500 0.778750 0.085000 0.137500
0 0.259167 0.765000 0.138333 0.240000
2 0.250000 0.446250 0.056667 0.092500
