3 0.431667 0.585000 0.050000 0.150000
2 0.260833 0.845000 0.118333 0.120000
1 0.689167 0.855000 0.098333 0.135000
0 0.478333 0.932500 0.070000 0.095000
0 0.440000 0.768750 0.103333 0.142500
2 0.935833 0.641250 0.055000 0.062500
0 0.142500 0.546250 0.095000 0.142500
0 0.255833 0.553750 0.151667 0.197500
2 0.170000 0.763750 0.126667 0.132500
3 0.963333 0.286250 0.040000 0.057500
3 0.494167 0.891250 0.015000 0.042500
1 0.319167 0.205000 0.131667 0.220000
0 0.459167 0.682500 0.155000 0.215000
1 0.476667 0.792500 0.116667 0.125000
3 0.772500 0.402500 0.138333 0.240000
3 0.750000 0.226250 0.076667 0.077500
0 0.427500 0.151250 0.101667 0.167500
2 0.585000 0.250000 0.156667 0.230000
1 0.485000 0.256250 0.110000 0.147500
2 0.468333 0.455000 0.056667 0.075000
2 0.249167 0.261250 0.105000 0.182500
1 0.604167 0.296250 0.108333 0.142500
1 0.457500 0.143750 0.028333 0.072500
0 0.651667 0.303750 0.163333 0.242500
1 0.585000 0.118750 0.116667 0.187500
2 0.801667 0.176250 0.050000 0.037500
2 0.793333 0.158750 0.113333 0.147500
1 0.675833 0.172500 0.108333 0.170000
3 0.456667 0.557500 0.236667 0.310000
0 0.687500 0.145000 0.138333 0.205000
2 0.814167 0.410000 0.115000 0.090000
