0 0.737500 0.293750 0.071667 0.107500
3 0.130000 0.076250 0.036667 0.072500
3 0.222500 0.622500 0.098333 0.080000
2 0.592500 0.748750 0.081667 0.172500
2 0.789167 0.622500 0.078333 0.235000
3 0.473333 0.420000 0.073333 0.110000
3 0.595833 0.766250 0.035000 0.052500
2 0.651667 0.627500 0.110000 0.155000
2 0.825833 0.190000 0.085000 0.090000
2 0.084167 0.560000 0.088333 0.110000
0 0.167500 0.470000 0.051667 0.080000
3 0.124167 0.808750 0.031667 0.062500
2 0.074167 0.187500 0.108333 0.110000
1 0.402500 0.508750 0.111667 0.192500
0 0.409167 0.701250 0.061667 0.092500
1 0.845000 0.032500 0.033333 0.050000
1 0.447500 0.690000 0.108333 0.140000
1 0.121667 0.428750 0.103333 0.212500
3 0.220000 0.728750 0.070000 0.082500
3 0.130833 0.383750 0.118333 0.092500
0 0.328333 0.240000 0.160000 0.250000
0 0.287500 0.527500 0.155000 0.265000
2 0.400833 0.475000 0.071667 0.060000
2 0.909167 0.585000 0.045000 0.035000
1 0.364167 0.355000 0.048333 0.070000
2 0.331667 0.532500 0.070000 0.075000
1 0.779167 0.647500 0.038333 0.045000
0 0.082500 0.708750 0.138333 0.207500
2 0.095833 0.563750 0.155000 0.172500
0 0.409167 0.592500 0.065000 0.110000
1 0.813333 0.143750 0.076667 0.102500
3 0.795833 0.726250 0.061667 0.122500
3 0.070833 0.700000 0.098333 0.075000
3 0.255000 0.846250 0.036667 0.052500
0 0.515833 0.567500 0.088333 0.145000
1 0.673333 0.915000 0.053333 0.060000
2 0.062500 0.666250 0.115000 0.132500
1 0.287500 0.895000 0.035000 0.050000
3 0.235000 0.075000 0.043333 0.060000
3 0.497500 0.115000 0.058333 0.060000
0 0.288333 0.781250 0.143333 0.217500
0 0.223333 0.913750 0.040000 0.057500
1 0.115833 0.907500 0.038333 0.080000
