3 0.358333 0.221250 0.076667 0.057500
1 0.349167 0.698750 0.035000 0.052500
3 0.609167 0.690000 0.191667 0.145000
2 0.196667 0.066250 0.056667 0.067500
3 0.492500 0.360000 0.031667 0.080000
0 0.571667 0.276250 0.026667 0.057500
0 0.402500 0.348750 0.095000 0.107500
2 0.128333 0.641250 0.100000 0.127500
3 0.426667 0.505000 0.053333 0.145000
0 0.890833 0.957500 0.031667 0.055000
2 0.716667 0.837500 0.090000 0.120000
2 0.175833 0.261250 0.068333 0.087500
0 0.629167 0.752500 0.095000 0.170000
0 0.320833 0.701250 0.048333 0.077500
1 0.475000 0.347500 0.086667 0.090000
0 0.075833 0.560000 0.065000 0.080000
0 0.460000 0.276250 0.146667 0.172500
2 0.220833 0.482500 0.111667 0.115000
3 0.364167 0.586250 0.055000 0.042500
3 0.692500 0.601250 0.048333 0.077500
0 0.314167 0.855000 0.031667 0.050000
1 0.885000 0.930000 0.080000 0.095000
3 0.671667 0.746250 0.033333 0.052500
0 0.543333 0.918750 0.063333 0.122500
2 0.332500 0.027500 0.048333 0.050000
1 0.810833 0.733750 0.131667 0.192500
0 0.381667 0.082500 0.070000 0.105000
3 0.345833 0.883750 0.045000 0.057500
2 0.592500 0.133750 0.045000 0.062500
1 0.811667 0.725000 0.056667 0.065000
0 0.276667 0.232500 0.100000 0.145000
3 0.183333 0.382500 0.076667 0.125000
2 0.385000 0.690000 0.100000 0.170000
0 0.741667 0.868750 0.063333 0.127500
2 0.021667 0.361250 0.040000 0.047500
2 0.886667 0.285000 0.033333 0.050000
3 0.140833 0.897500 0.058333 0.085000
1 0.484167 0.356250 0.101667 0.127500
0 0.592500 0.546250 0.075000 0.087500
0 0.927500 0.690000 0.091667 0.150000
