3 0.956667 0.260000 0.026667 0.045000
0 0.704167 0.668750 0.145000 0.217500
1 0.226667 0.552500 0.093333 0.130000
0 0.801667 0.435000 0.106667 0.165000
2 0.437500 0.748750 0.025000 0.052500
1 0.823333 0.206250 0.050000 0.082500
3 0.792500 0.662500 0.185000 0.185000
0 0.775000 0.270000 0.076667 0.105000
1 0.873333 0.556250 0.073333 0.137500
0 0.756667 0.770000 0.150000 0.235000
0 0.569167 0.153750 0.045000 0.072500
2 0.062500 0.146250 0.055000 0.087500
1 0.865000 0.421250 0.083333 0.112500
1 0.300833 0.276250 0.091667 0.117500
2 0.159167 0.058750 0.038333 0.077500
0 0.417500 0.542500 0.105000 0.160000
1 0.858333 0.818750 0.080000 0.152500
0 0.815000 0.741250 0.103333 0.127500
3 0.588333 0.700000 0.026667 0.035000
2 0.125833 0.176250 0.101667 0.157500
2 0.201667 0.192500 0.103333 0.170000
2 0.177500 0.383750 0.141667 0.162500
3 0.732500 0.230000 0.045000 0.060000
0 0.150000 0.151250 0.060000 0.112500
2 0.549167 0.812500 0.085000 0.245000
1 0.810833 0.878750 0.038333 0.047500
0 0.040000 0.708750 0.053333 0.072500
1 0.208333 0.565000 0.143333 0.175000
0 0.626667 0.383750 0.166667 0.247500
2 0.841667 0.470000 0.076667 0.085000
0 0.856667 0.291250 0.086667 0.137500
2 0.635833 0.105000 0.075000 0.150000
2 0.512500 0.446250 0.121667 0.137500
0 0.500833 0.636250 0.085000 0.107500
2 0.868333 0.695000 0.103333 0.120000
0 0.241667 0.143750 0.186667 0.277500
2 0.815000 0.556250 0.046667 0.092500
0 0.632500 0.666250 0.165000 0.242500
2 0.840000 0.507500 0.063333 0.090000
0 0.170000 0.647500 0.080000 0.120000
1 0.558333 0.622500 0.146667 0.145000
0 0.876667 0.915000 0.083333 0.135000
2 0.875833 0.288750 0.098333 0.092500
3 0.099167 0.945000 0.038333 0.040000
