3 0.505000 0.765000 0.076667 0.080000
2 0.349167 0.816250 0.035000 0.057500
1 0.360000 0.346250 0.026667 0.042500
1 0.085833 0.355000 0.058333 0.070000
0 0.260833 0.183750 0.118333 0.202500
2 0.897500 0.596250 0.068333 0.102500
1 0.573333 0.366250 0.070000 0.092500
0 0.275833 0.153750 0.065000 0.142500
2 0.699167 0.751250 0.035000 0.042500
3 0.426667 0.190000 0.083333 0.190000
1 0.445000 0.768750 0.056667 0.107500
1 0.559167 0.625000 0.115000 0.170000
1 0.811667 0.661250 0.033333 0.042500
1 0.139167 0.170000 0.035000 0.065000
3 0.818333 0.071250 0.063333 0.087500
0 0.520000 0.415000 0.073333 0.115000
1 0.505000 0.261250 0.090000 0.102500
3 0.600833 0.507500 0.091667 0.095000
2 0.800000 0.095000 0.120000 0.160000
0 0.780833 0.707500 0.125000 0.260000
0 0.185833 0.858750 0.141667 0.207500
2 0.805833 0.331250 0.115000 0.167500
2 0.465000 0.502500 0.083333 0.225000
2 0.105833 0.293750 0.115000 0.172500
0 0.572500 0.213750 0.075000 0.122500
2 0.320833 0.522500 0.151667 0.180000
3 0.650000 0.638750 0.030000 0.027500
2 0.305000 0.611250 0.106667 0.112500
0 0.611667 0.317500 0.036667 0.040000
3 0.245000 0.525000 0.053333 0.165000
1 0.212500 0.623750 0.071667 0.082500
1 0.197500 0.542500 0.128333 0.135000
0 0.272500 0.895000 0.085000 0.145000
3 0.228333 0.348750 0.036667 0.032500
3 0.858333 0.780000 0.113333 0.140000
2 0.699167 0.666250 0.065000 0.097500
3 0.298333 0.227500 0.056667 0.110000
