1 0.771667 0.362500 0.033333 0.050000
0 0.332500 0.768750 0.131667 0.237500
3 0.698333 0.456250 0.130000 0.167500
1 0.344167 0.818750 0.048333 0.057500
0 0.723333 0.182500 0.030000 0.040000
3 0.148333 0.353750 0.080000 0.092500
2 0.502500 0.712500 0.091667 0.250000
1 0.101667 0.336250 0.113333 0.147500
1 0.388333 0.830000 0.066667 0.105000
3 0.442500 0.306250 0.081667 0.092500
3 0.180833 0.113750 0.015000 0.057500
1 0.373333 0.617500 0.113333 0.230000
1 0.829167 0.137500 0.075000 0.095000
1 0.370833 0.732500 0.101667 0.170000
3 0.316667 0.843750 0.090000 0.107500
2 0.511667 0.213750 0.033333 0.132500
2 0.605833 0.661250 0.031667 0.032500
1 0.672500 0.107500 0.075000 0.085000
3 0.397500 0.100000 0.085000 0.130000
3 0.363333 0.288750 0.110000 0.162500
2 0.533333 0.157500 0.126667 0.215000
1 0.150833 0.381250 0.068333 0.077500
0 0.131667 0.255000 0.050000 0.075000
0 0.249167 0.521250 0.068333 0.092500
0 0.758333 0.400000 0.133333 0.215000
3 0.105000 0.207500 0.106667 0.100000
1 0.739167 0.818750 0.151667 0.182500
