3 0.646667 0.295000 0.030000 0.035000
1 0.654167 0.526250 0.141667 0.207500
0 0.709167 0.346250 0.148333 0.187500
2 0.385833 0.767500 0.105000 0.145000
1 0.480833 0.115000 0.088333 0.190000
3 0.430000 0.188750 0.033333 0.027500
0 0.488333 0.258750 0.130000 0.212500
0 0.608333 0.751250 0.133333 0.157500
1 0.506667 0.451250 0.033333 0.072500
1 0.576667 0.096250 0.076667 0.152500
3 0.368333 0.358750 0.133333 0.117500
2 0.481667 0.532500 0.096667 0.115000
2 0.209167 0.230000 0.121667 0.200000
3 0.261667 0.305000 0.126667 0.145000
0 0.516667 0.760000 0.100000 0.195000
2 0.270000 0.833750 0.083333 0.122500
1 0.119167 0.165000 0.025000 0.050000
3 0.355000 0.845000 0.203333 0.205000
0 0.518333 0.195000 0.046667 0.070000
2 0.790833 0.297500 0.045000 0.065000
2 0.820000 0.261250 0.093333 0.177500
0 0.674167 0.375000 0.118333 0.160000
2 0.839167 0.836250 0.138333 0.157500
