3 0.738333 0.945000 0.040000 0.030000
2 0.575000 0.676250 0.050000 0.077500
1 0.727500 0.383750 0.095000 0.192500
3 0.815000 0.482500 0.120000 0.160000
0 0.764167 0.706250 0.131667 0.162500
1 0.745833 0.325000 0.121667 0.200000
3 0.766667 0.203750 0.093333 0.097500
3 0.237500 0.060000 0.061667 0.060000
0 0.567500 0.577500 0.081667 0.120000
0 0.714167 0.381250 0.208333 0.282500
0 0.636667 0.661250 0.096667 0.187500
3 0.795833 0.402500 0.091667 0.145000
3 0.884167 0.833750 0.055000 0.067500
2 0.225000 0.128750 0.030000 0.082500
3 0.745833 0.427500 0.201667 0.215000
3 0.292500 0.696250 0.115000 0.117500
2 0.722500 0.286250 0.001667 0.057500
3 0.723333 0.758750 0.090000 0.182500
2 0.642500 0.242500 0.088333 0.070000
