0 0.340833 0.710000 0.181667 0.270000
3 0.233333 0.351250 0.016667 0.037500
3 0.922500 0.458750 0.035000 0.057500
1 0.527500 0.511250 0.155000 0.187500
0 0.479167 0.595000 0.131667 0.200000
2 0.712500 0.760000 0.065000 0.230000
0 0.463333 0.748750 0.086667 0.157500
0 0.381667 0.526250 0.090000 0.112500
1 0.871667 0.577500 0.110000 0.180000
2 0.667500 0.835000 0.081667 0.180000
0 0.408333 0.450000 0.116667 0.190000
0 0.310000 0.227500 0.086667 0.210000
2 0.070000 0.370000 0.136667 0.185000
3 0.809167 0.401250 0.031667 0.072500
0 0.396667 0.843750 0.116667 0.167500
3 0.460833 0.181250 0.061667 0.107500
1 0.395000 0.151250 0.063333 0.147500
2 0.773333 0.631250 0.110000 0.062500
2 0.229167 0.346250 0.051667 0.062500
3 0.715000 0.127500 0.046667 0.060000
1 0.565000 0.215000 0.050000 0.050000
0 0.095833 0.183750 0.128333 0.197500
0 0.558333 0.832500 0.106667 0.155000
