0 0.911667 0.271250 0.100000 0.147500
1 0.673333 0.017500 0.033333 0.035000
3 0.642500 0.087500 0.085000 0.175000
2 0.446667 0.436250 0.066667 0.157500
3 0.551667 0.808750 0.090000 0.157500
3 0.315833 0.417500 0.045000 0.045000
2 0.835000 0.776250 0.116667 0.172500
3 0.405833 0.408750 0.025000 0.042500
2 0.734167 0.073750 0.078333 0.117500
1 0.205833 0.102500 0.091667 0.130000
3 0.457500 0.428750 0.025000 0.082500
2 0.555000 0.197500 0.130000 0.165000
1 0.320000 0.540000 0.073333 0.140000
1 0.360000 0.395000 0.060000 0.120000
1 0.290833 0.741250 0.138333 0.137500
2 0.861667 0.498750 0.033333 0.062500
1 0.065000 0.658750 0.086667 0.167500
3 0.190833 0.825000 0.071667 0.135000
3 0.243333 0.638750 0.046667 0.047500
2 0.827500 0.693750 0.121667 0.152500
1 0.819167 0.072500 0.095000 0.125000
2 0.525833 0.463750 0.028333 0.052500
3 0.350000 0.581250 0.056667 0.172500
1 0.731667 0.081250 0.093333 0.102500
0 0.859167 0.467500 0.028333 0.055000
2 0.711667 0.563750 0.053333 0.092500
0 0.948333 0.791250 0.033333 0.047500
1 0.172500 0.587500 0.095000 0.155000
1 0.549167 0.113750 0.061667 0.067500
3 0.335833 0.150000 0.038333 0.065000
