1 0.939167 0.145000 0.075000 0.090000
2 0.605833 0.227500 0.081667 0.120000
0 0.092500 0.836250 0.048333 0.077500
3 0.238333 0.243750 0.130000 0.102500
3 0.110000 0.670000 0.180000 0.265000
0 0.523333 0.535000 0.186667 0.225000
0 0.076667 0.831250 0.120000 0.187500
3 0.830000 0.701250 0.103333 0.172500
2 0.736667 0.123750 0.123333 0.147500
3 0.578333 0.446250 0.076667 0.187500
3 0.247500 0.111250 0.128333 0.097500
3 0.704167 0.233750 0.061667 0.062500
1 0.890000 0.370000 0.046667 0.090000
0 0.795833 0.323750 0.151667 0.242500
2 0.144167 0.791250 0.098333 0.227500
0 0.854167 0.236250 0.085000 0.212500
0 0.461667 0.651250 0.140000 0.167500
2 0.110833 0.566250 0.111667 0.107500
2 0.268333 0.866250 0.090000 0.147500
3 0.363333 0.060000 0.020000 0.060000
1 0.579167 0.585000 0.031667 0.050000
0 0.912500 0.282500 0.028333 0.065000
1 0.440833 0.616250 0.091667 0.167500
0 0.190000 0.463750 0.063333 0.092500
0 0.297500 0.512500 0.091667 0.205000
0 0.279167 0.412500 0.078333 0.115000
0 0.943333 0.467500 0.093333 0.140000
0 0.074167 0.145000 0.105000 0.160000
3 0.230000 0.806250 0.080000 0.072500
0 0.565833 0.743750 0.105000 0.157500
3 0.852500 0.113750 0.061667 0.032500
1 0.600000 0.438750 0.036667 0.107500
1 0.215833 0.607500 0.101667 0.195000
1 0.888333 0.382500 0.043333 0.045000
0 0.204167 0.253750 0.075000 0.117500
1 0.667500 0.521250 0.085000 0.122500
0 0.104167 0.623750 0.108333 0.182500
3 0.115833 0.240000 0.051667 0.065000
2 0.604167 0.562500 0.021667 0.060000
1 0.189167 0.193750 0.061667 0.107500
2 0.718333 0.890000 0.060000 0.075000
0 0.878333 0.198750 0.096667 0.152500
2 0.452500 0.176250 0.125000 0.217500
