0 0.247500 0.207500 0.055000 0.085000
3 0.316667 0.665000 0.023333 0.040000
3 0.730833 0.145000 0.071667 0.170000
1 0.946667 0.715000 0.050000 0.055000
1 0.117500 0.768750 0.118333 0.207500
3 0.350833 0.867500 0.065000 0.065000
3 0.375000 0.405000 0.126667 0.105000
3 0.902500 0.090000 0.105000 0.165000
2 0.772500 0.122500 0.135000 0.120000
1 0.869167 0.190000 0.035000 0.030000
3 0.828333 0.575000 0.063333 0.125000
2 0.185000 0.601250 0.123333 0.142500
1 0.386667 0.776250 0.140000 0.187500
3 0.350833 0.212500 0.121667 0.110000
1 0.870833 0.105000 0.145000 0.155000
2 0.497500 0.372500 0.088333 0.150000
3 0.215833 0.746250 0.085000 0.087500
2 0.370833 0.526250 0.098333 0.202500
1 0.201667 0.317500 0.056667 0.075000
1 0.235833 0.796250 0.058333 0.072500
3 0.481667 0.516250 0.080000 0.082500
2 0.582500 0.410000 0.058333 0.085000
0 0.192500 0.508750 0.118333 0.137500
1 0.153333 0.675000 0.126667 0.190000
3 0.199167 0.086250 0.048333 0.112500
2 0.811667 0.512500 0.106667 0.175000
3 0.801667 0.572500 0.090000 0.085000
0 0.650000 0.178750 0.156667 0.247500
0 0.571667 0.357500 0.080000 0.110000
3 0.359167 0.586250 0.115000 0.152500
0 0.270000 0.640000 0.096667 0.125000
3 0.917500 0.136250 0.028333 0.077500
3 0.414167 0.733750 0.108333 0.062500
0 0.375000 0.716250 0.076667 0.122500
0 0.230833 0.650000 0.061667 0.090000
3 0.795000 0.828750 0.073333 0.102500
3 0.175000 0.552500 0.176667 0.190000
2 0.215000 0.272500 0.056667 0.060000
3 0.510000 0.793750 0.123333 0.107500
2 0.068333 0.770000 0.066667 0.150000
1 0.376667 0.292500 0.053333 0.065000
3 0.290000 0.348750 0.110000 0.102500
2 0.778333 0.921250 0.043333 0.047500
3 0.376667 0.647500 0.053333 0.095000
3 0.616667 0.865000 0.050000 0.090000
3 0.495833 0.086250 0.108333 0.122500
0 0.399167 0.370000 0.195000 0.270000
3 0.345000 0.215000 0.033333 0.025000
2 0.093333 0.542500 0.153333 0.140000
3 0.656667 0.662500 0.056667 0.050000
