2 0.600833 0.115000 0.095000 0.075000
3 0.500833 0.533750 0.135000 0.122500
0 0.322500 0.593750 0.045000 0.097500
1 0.615833 0.538750 0.125000 0.142500
2 0.278333 0.372500 0.066667 0.070000
1 0.889167 0.215000 0.095000 0.200000
0 0.463333 0.745000 0.136667 0.200000
0 0.850833 0.096250 0.098333 0.147500
0 0.576667 0.462500 0.043333 0.070000
0 0.165833 0.738750 0.105000 0.177500
2 0.845833 0.768750 0.028333 0.132500
2 0.662500 0.263750 0.095000 0.137500
2 0.279167 0.950000 0.001667 0.075000
3 0.336667 0.510000 0.046667 0.095000
1 0.170833 0.357500 0.088333 0.135000
3 0.326667 0.353750 0.050000 0.157500
3 0.057500 0.592500 0.061667 0.130000
1 0.810833 0.763750 0.065000 0.082500
0 0.579167 0.545000 0.048333 0.075000
0 0.295000 0.795000 0.150000 0.220000
1 0.813333 0.705000 0.083333 0.235000
2 0.233333 0.723750 0.053333 0.057500
2 0.640833 0.758750 0.098333 0.112500
3 0.618333 0.707500 0.043333 0.055000
2 0.145000 0.585000 0.153333 0.160000
2 0.151667 0.275000 0.056667 0.075000
3 0.899167 0.473750 0.045000 0.042500
2 0.404167 0.498750 0.091667 0.212500
0 0.796667 0.141250 0.150000 0.237500
0 0.647500 0.327500 0.145000 0.220000
2 0.663333 0.505000 0.033333 0.050000
2 0.735000 0.471250 0.083333 0.117500
2 0.685833 0.758750 0.121667 0.222500
0 0.634167 0.791250 0.098333 0.117500
3 0.900000 0.660000 0.076667 0.135000
2 0.850833 0.858750 0.115000 0.152500
3 0.317500 0.662500 0.045000 0.040000
2 0.780000 0.062500 0.046667 0.080000
2 0.370833 0.536250 0.108333 0.162500
