0 0.897500 0.587500 0.058333 0.095000
0 0.163333 0.797500 0.106667 0.160000
1 0.153333 0.257500 0.143333 0.180000
2 0.688333 0.093750 0.050000 0.072500
0 0.350833 0.605000 0.035000 0.060000
1 0.120000 0.606250 0.066667 0.102500
3 0.127500 0.700000 0.035000 0.055000
2 0.615833 0.138750 0.061667 0.122500
1 0.161667 0.198750 0.053333 0.142500
0 0.628333 0.217500 0.153333 0.210000
0 0.565833 0.610000 0.108333 0.175000
0 0.906667 0.341250 0.093333 0.142500
3 0.160833 0.573750 0.095000 0.107500
1 0.178333 0.772500 0.043333 0.065000
3 0.900000 0.317500 0.033333 0.060000
0 0.863333 0.423750 0.160000 0.182500
3 0.449167 0.882500 0.091667 0.075000
0 0.907500 0.527500 0.051667 0.075000
0 0.800833 0.460000 0.078333 0.140000
1 0.175000 0.681250 0.223333 0.252500
0 0.565000 0.388750 0.033333 0.042500
2 0.282500 0.731250 0.061667 0.062500
1 0.750000 0.211250 0.043333 0.062500
1 0.869167 0.785000 0.065000 0.065000
3 0.924167 0.390000 0.071667 0.055000
1 0.916667 0.761250 0.106667 0.132500
0 0.361667 0.476250 0.193333 0.282500
0 0.113333 0.797500 0.146667 0.210000
3 0.138333 0.438750 0.036667 0.072500
2 0.155833 0.332500 0.131667 0.195000
2 0.755833 0.518750 0.038333 0.057500
2 0.533333 0.128750 0.086667 0.142500
1 0.347500 0.148750 0.058333 0.097500
2 0.210833 0.656250 0.041667 0.052500
3 0.575000 0.426250 0.090000 0.127500
