1 0.296667 0.573750 0.146667 0.192500
2 0.344167 0.440000 0.075000 0.045000
1 0.867500 0.902500 0.055000 0.060000
2 0.058333 0.767500 0.030000 0.035000
1 0.848333 0.678750 0.053333 0.067500
3 0.425833 0.750000 0.028333 0.070000
2 0.236667 0.873750 0.076667 0.122500
1 0.897500 0.737500 0.061667 0.130000
2 0.310000 0.323750 0.103333 0.087500
3 0.669167 0.488750 0.085000 0.112500
2 0.200000 0.496250 0.040000 0.062500
0 0.199167 0.470000 0.141667 0.250000
2 0.328333 0.287500 0.293333 0.315000
0 0.430833 0.101250 0.121667 0.177500
0 0.165833 0.950000 0.035000 0.060000
2 0.921667 0.421250 0.106667 0.127500
1 0.720833 0.785000 0.128333 0.170000
0 0.456667 0.718750 0.146667 0.282500
3 0.258333 0.146250 0.046667 0.052500
3 0.207500 0.273750 0.085000 0.082500
2 0.776667 0.633750 0.046667 0.062500
2 0.888333 0.416250 0.070000 0.237500
3 0.862500 0.297500 0.098333 0.085000
0 0.594167 0.340000 0.145000 0.255000
0 0.913333 0.547500 0.113333 0.170000
1 0.370833 0.753750 0.121667 0.147500
0 0.196667 0.710000 0.146667 0.260000
3 0.725833 0.200000 0.055000 0.145000
1 0.243333 0.080000 0.120000 0.155000
1 0.489167 0.171250 0.068333 0.077500
2 0.590000 0.375000 0.100000 0.110000
1 0.156667 0.346250 0.030000 0.042500
