1 0.209167 0.737500 0.101667 0.150000
1 0.153333 0.688750 0.026667 0.042500
2 0.781667 0.252500 0.140000 0.085000
0 0.807500 0.796250 0.125000 0.172500
0 0.812500 0.695000 0.085000 0.205000
0 0.749167 0.327500 0.085000 0.135000
2 0.832500 0.556250 0.101667 0.152500
1 0.802500 0.210000 0.095000 0.190000
3 0.285833 0.581250 0.128333 0.137500
2 0.252500 0.367500 0.055000 0.095000
2 0.779167 0.401250 0.091667 0.132500
3 0.780833 0.472500 0.098333 0.175000
0 0.656667 0.683750 0.106667 0.162500
0 0.888333 0.487500 0.076667 0.135000
2 0.760833 0.382500 0.088333 0.130000
3 0.777500 0.556250 0.051667 0.052500
2 0.125000 0.352500 0.120000 0.155000
