0 0.752500 0.092500 0.115000 0.160000
1 0.862500 0.632500 0.071667 0.165000
1 0.602500 0.500000 0.105000 0.170000
3 0.136667 0.175000 0.066667 0.055000
2 0.770000 0.917500 0.060000 0.050000
1 0.678333 0.731250 0.140000 0.187500
2 0.495833 0.622500 0.035000 0.070000
3 0.490833 0.340000 0.028333 0.040000
0 0.686667 0.807500 0.096667 0.145000
3 0.259167 0.933750 0.038333 0.067500
2 0.376667 0.328750 0.063333 0.072500
2 0.445000 0.338750 0.080000 0.092500
0 0.936667 0.580000 0.073333 0.115000
2 0.190833 0.515000 0.081667 0.090000
0 0.338333 0.257500 0.136667 0.170000
2 0.636667 0.607500 0.106667 0.095000
3 0.665833 0.451250 0.015000 0.037500
