0 0.472500 0.737500 0.088333 0.105000
3 0.825833 0.172500 0.128333 0.105000
1 0.335833 0.310000 0.211667 0.240000
3 0.455833 0.645000 0.028333 0.020000
0 0.190000 0.388750 0.146667 0.217500
0 0.817500 0.806250 0.138333 0.227500
2 0.158333 0.290000 0.103333 0.100000
3 0.165000 0.062500 0.060000 0.055000
1 0.174167 0.481250 0.055000 0.062500
3 0.745000 0.378750 0.040000 0.037500
3 0.224167 0.752500 0.045000 0.040000
2 0.705833 0.160000 0.065000 0.205000
0 0.415833 0.545000 0.201667 0.280000
1 0.485833 0.798750 0.111667 0.087500
2 0.050000 0.366250 0.026667 0.037500
3 0.808333 0.846250 0.013333 0.042500
1 0.766667 0.360000 0.216667 0.200000
0 0.071667 0.646250 0.040000 0.047500
1 0.234167 0.321250 0.095000 0.177500
1 0.688333 0.820000 0.040000 0.075000
