0 0.254167 0.272500 0.165000 0.265000
0 0.730833 0.368750 0.115000 0.172500
2 0.362500 0.273750 0.075000 0.132500
2 0.945000 0.511250 0.023333 0.047500
0 0.127500 0.782500 0.085000 0.150000
2 0.055000 0.901250 0.060000 0.082500
1 0.608333 0.362500 0.026667 0.030000
3 0.315833 0.507500 0.051667 0.180000
2 0.559167 0.083750 0.061667 0.157500
1 0.280833 0.777500 0.061667 0.075000
1 0.246667 0.692500 0.130000 0.180000
0 0.160833 0.592500 0.105000 0.160000
2 0.042500 0.892500 0.031667 0.055000
2 0.266667 0.515000 0.033333 0.025000
3 0.967500 0.026250 0.035000 0.027500
0 0.453333 0.543750 0.053333 0.077500
1 0.250833 0.453750 0.041667 0.067500
1 0.395000 0.513750 0.113333 0.147500
1 0.835833 0.135000 0.125000 0.250000
2 0.841667 0.177500 0.063333 0.130000
1 0.207500 0.570000 0.108333 0.105000
1 0.892500 0.045000 0.075000 0.080000
2 0.305833 0.287500 0.065000 0.130000
3 0.563333 0.566250 0.123333 0.137500
3 0.316667 0.780000 0.126667 0.125000
2 0.722500 0.505000 0.078333 0.050000
0 0.792500 0.687500 0.105000 0.200000
3 0.434167 0.935000 0.025000 0.040000
0 0.506667 0.117500 0.036667 0.075000
3 0.088333 0.292500 0.106667 0.130000
0 0.913333 0.312500 0.043333 0.085000
2 0.490833 0.568750 0.118333 0.182500
0 0.880000 0.646250 0.083333 0.127500
0 0.740000 0.156250 0.056667 0.087500
1 0.580833 0.230000 0.048333 0.090000
3 0.840833 0.282500 0.015000 0.040000
3 0.425000 0.696250 0.030000 0.077500
