3 0.037500 0.870000 0.068333 0.105000
1 0.550833 0.193750 0.078333 0.097500
2 0.071667 0.908750 0.060000 0.072500
3 0.535833 0.553750 0.055000 0.027500
3 0.043333 0.852500 0.030000 0.025000
3 0.082500 0.242500 0.148333 0.160000
1 0.297500 0.456250 0.131667 0.187500
0 0.435000 0.406250 0.033333 0.052500
3 0.397500 0.232500 0.038333 0.060000
3 0.635833 0.498750 0.041667 0.047500
3 0.911667 0.293750 0.040000 0.077500
3 0.694167 0.207500 0.031667 0.085000
1 0.809167 0.320000 0.068333 0.175000
2 0.935000 0.525000 0.120000 0.245000
3 0.516667 0.176250 0.090000 0.077500
3 0.310000 0.050000 0.026667 0.070000
