3 0.518333 0.865000 0.110000 0.160000
3 0.422500 0.335000 0.051667 0.095000
0 0.450833 0.227500 0.071667 0.115000
1 0.259167 0.770000 0.101667 0.085000
0 0.080000 0.120000 0.156667 0.195000
3 0.655833 0.168750 0.035000 0.057500
0 0.844167 0.713750 0.111667 0.182500
1 0.449167 0.550000 0.138333 0.205000
0 0.240000 0.896250 0.140000 0.197500
2 0.390000 0.367500 0.123333 0.090000
0 0.759167 0.597500 0.078333 0.110000
0 0.455833 0.566250 0.048333 0.072500
1 0.504167 0.730000 0.095000 0.155000
1 0.509167 0.545000 0.088333 0.100000
2 0.798333 0.191250 0.033333 0.032500
1 0.788333 0.511250 0.050000 0.072500
