2 0.643333 0.518750 0.033333 0.037500
3 0.720833 0.897500 0.055000 0.070000
1 0.462500 0.278750 0.131667 0.187500
0 0.442500 0.537500 0.135000 0.170000
2 0.519167 0.330000 0.038333 0.025000
1 0.095833 0.142500 0.055000 0.085000
0 0.769167 0.175000 0.068333 0.100000
2 0.068333 0.152500 0.096667 0.265000
3 0.690000 0.655000 0.113333 0.090000
3 0.345833 0.080000 0.098333 0.155000
0 0.228333 0.478750 0.080000 0.122500
1 0.599167 0.457500 0.085000 0.140000
0 0.694167 0.645000 0.155000 0.220000
1 0.389167 0.485000 0.111667 0.155000
0 0.063333 0.695000 0.063333 0.095000
1 0.109167 0.570000 0.041667 0.055000
2 0.222500 0.385000 0.041667 0.065000
2 0.374167 0.738750 0.115000 0.172500
2 0.751667 0.780000 0.050000 0.075000
2 0.250000 0.195000 0.050000 0.075000
1 0.146667 0.126250 0.103333 0.152500
1 0.250833 0.537500 0.045000 0.090000
0 0.430000 0.675000 0.066667 0.085000
3 0.820833 0.913750 0.038333 0.082500
3 0.579167 0.465000 0.075000 0.095000
0 0.503333 0.780000 0.036667 0.045000
1 0.775833 0.547500 0.088333 0.115000
3 0.126667 0.360000 0.050000 0.040000
0 0.814167 0.538750 0.158333 0.227500
