0 0.445833 0.102500 0.121667 0.180000
1 0.944167 0.676250 0.045000 0.052500
0 0.790833 0.482500 0.118333 0.260000
2 0.728333 0.140000 0.096667 0.125000
3 0.475833 0.346250 0.071667 0.077500
3 0.941667 0.613750 0.053333 0.057500
1 0.720833 0.733750 0.088333 0.127500
2 0.233333 0.642500 0.093333 0.205000
0 0.059167 0.557500 0.028333 0.050000
3 0.522500 0.260000 0.085000 0.065000
2 0.734167 0.491250 0.065000 0.157500
0 0.402500 0.470000 0.028333 0.045000
2 0.520000 0.256250 0.086667 0.242500
0 0.221667 0.831250 0.060000 0.142500
1 0.235000 0.387500 0.086667 0.110000
0 0.394167 0.816250 0.235000 0.277500
0 0.525833 0.130000 0.061667 0.095000
1 0.932500 0.156250 0.091667 0.102500
0 0.623333 0.695000 0.143333 0.195000
2 0.558333 0.278750 0.113333 0.217500
1 0.383333 0.815000 0.090000 0.150000
0 0.111667 0.540000 0.146667 0.175000
1 0.780000 0.820000 0.086667 0.180000
2 0.707500 0.263750 0.095000 0.107500
0 0.181667 0.885000 0.033333 0.055000
1 0.065000 0.083750 0.040000 0.032500
0 0.525000 0.860000 0.123333 0.160000
1 0.298333 0.368750 0.046667 0.072500
3 0.425000 0.230000 0.093333 0.175000
1 0.498333 0.307500 0.050000 0.070000
3 0.380833 0.596250 0.258333 0.217500
0 0.525000 0.698750 0.133333 0.212500
3 0.207500 0.621250 0.091667 0.172500
3 0.834167 0.292500 0.205000 0.220000
0 0.670833 0.225000 0.121667 0.210000
2 0.519167 0.205000 0.125000 0.160000
1 0.310000 0.198750 0.113333 0.137500
0 0.520000 0.696250 0.183333 0.272500
3 0.269167 0.047500 0.045000 0.060000
2 0.144167 0.683750 0.105000 0.097500
1 0.390000 0.287500 0.080000 0.160000
1 0.710833 0.697500 0.121667 0.235000
3 0.055833 0.758750 0.105000 0.162500
1 0.412500 0.682500 0.108333 0.150000
1 0.415833 0.830000 0.121667 0.145000
0 0.295000 0.240000 0.090000 0.195000
3 0.753333 0.540000 0.046667 0.095000
2 0.838333 0.125000 0.106667 0.155000
