3 0.334167 0.551250 0.101667 0.127500
0 0.505833 0.720000 0.145000 0.200000
1 0.283333 0.243750 0.030000 0.052500
3 0.635833 0.381250 0.038333 0.032500
1 0.491667 0.743750 0.096667 0.167500
0 0.125000 0.223750 0.046667 0.057500
0 0.645833 0.221250 0.068333 0.092500
0 0.425000 0.545000 0.136667 0.155000
1 0.396667 0.665000 0.080000 0.105000
1 0.330000 0.310000 0.066667 0.085000
0 0.770000 0.156250 0.043333 0.077500
1 0.175000 0.823750 0.123333 0.147500
3 0.622500 0.877500 0.065000 0.120000
0 0.325833 0.538750 0.088333 0.147500
0 0.128333 0.826250 0.043333 0.072500
2 0.415833 0.692500 0.118333 0.180000
3 0.446667 0.557500 0.033333 0.065000
0 0.488333 0.492500 0.100000 0.240000
3 0.360000 0.096250 0.100000 0.077500
3 0.639167 0.616250 0.095000 0.072500
2 0.086667 0.673750 0.100000 0.232500
2 0.275833 0.136250 0.051667 0.187500
3 0.129167 0.132500 0.065000 0.070000
3 0.815833 0.090000 0.075000 0.075000
0 0.235833 0.725000 0.091667 0.155000
1 0.509167 0.375000 0.038333 0.050000
