2 0.637500 0.460000 0.085000 0.135000
3 0.765000 0.435000 0.110000 0.195000
3 0.614167 0.442500 0.081667 0.140000
0 0.213333 0.713750 0.160000 0.187500
1 0.714167 0.820000 0.091667 0.130000
2 0.735000 0.588750 0.133333 0.137500
0 0.340833 0.922500 0.035000 0.050000
3 0.212500 0.271250 0.051667 0.047500
0 0.220833 0.221250 0.038333 0.057500
2 0.782500 0.583750 0.141667 0.132500
2 0.704167 0.191250 0.061667 0.092500
0 0.771667 0.793750 0.090000 0.132500
2 0.400000 0.943750 0.056667 0.077500
3 0.413333 0.167500 0.040000 0.070000
3 0.171667 0.071250 0.093333 0.057500
1 0.620833 0.850000 0.095000 0.130000
3 0.789167 0.715000 0.105000 0.160000
1 0.936667 0.415000 0.053333 0.070000
2 0.591667 0.443750 0.143333 0.172500
2 0.421667 0.063750 0.033333 0.057500
0 0.266667 0.752500 0.150000 0.225000
0 0.311667 0.618750 0.120000 0.162500
0 0.798333 0.387500 0.160000 0.240000
0 0.423333 0.135000 0.093333 0.180000
0 0.044167 0.836250 0.041667 0.057500
3 0.038333 0.157500 0.050000 0.120000
2 0.363333 0.166250 0.103333 0.157500
2 0.094167 0.583750 0.051667 0.092500
2 0.815833 0.155000 0.058333 0.085000
3 0.255833 0.252500 0.115000 0.115000
0 0.565833 0.170000 0.125000 0.245000
2 0.038333 0.157500 0.060000 0.080000
2 0.810000 0.205000 0.060000 0.090000
