0 0.042500 0.443750 0.055000 0.082500
1 0.776667 0.476250 0.030000 0.047500
1 0.722500 0.730000 0.091667 0.130000
1 0.060000 0.935000 0.043333 0.045000
2 0.500833 0.215000 0.078333 0.100000
3 0.643333 0.090000 0.023333 0.075000
3 0.711667 0.156250 0.090000 0.077500
3 0.725833 0.383750 0.078333 0.092500
1 0.708333 0.248750 0.043333 0.102500
1 0.179167 0.373750 0.041667 0.082500
3 0.325000 0.213750 0.036667 0.092500
2 0.418333 0.782500 0.033333 0.125000
3 0.141667 0.040000 0.013333 0.045000
0 0.635833 0.202500 0.088333 0.140000
