0 0.147500 0.408750 0.101667 0.137500
2 0.865833 0.520000 0.091667 0.195000
3 0.300000 0.146250 0.063333 0.117500
3 0.633333 0.516250 0.103333 0.097500
3 0.365000 0.593750 0.083333 0.112500
1 0.258333 0.626250 0.080000 0.112500
1 0.486667 0.207500 0.040000 0.055000
2 0.795000 0.816250 0.080000 0.067500
3 0.617500 0.600000 0.088333 0.120000
1 0.595000 0.712500 0.033333 0.035000
3 0.206667 0.673750 0.060000 0.162500
2 0.906667 0.411250 0.040000 0.042500
2 0.712500 0.406250 0.121667 0.132500
3 0.747500 0.408750 0.081667 0.067500
3 0.884167 0.530000 0.071667 0.175000
2 0.135833 0.387500 0.038333 0.055000
2 0.265833 0.350000 0.051667 0.190000
3 0.411667 0.775000 0.103333 0.130000
3 0.915000 0.623750 0.076667 0.122500
1 0.216667 0.226250 0.140000 0.187500
0 0.130833 0.366250 0.135000 0.192500
0 0.278333 0.443750 0.100000 0.222500
0 0.466667 0.735000 0.140000 0.190000
1 0.685000 0.700000 0.063333 0.100000
3 0.381667 0.110000 0.026667 0.075000
1 0.705000 0.403750 0.020000 0.042500
2 0.758333 0.647500 0.136667 0.190000
0 0.132500 0.597500 0.105000 0.160000
0 0.214167 0.398750 0.155000 0.232500
3 0.729167 0.105000 0.085000 0.085000
0 0.338333 0.666250 0.106667 0.172500
0 0.342500 0.216250 0.118333 0.207500
