3 0.765833 0.812500 0.128333 0.110000
1 0.282500 0.526250 0.071667 0.117500
2 0.287500 0.510000 0.041667 0.085000
0 0.215833 0.813750 0.098333 0.147500
1 0.722500 0.847500 0.115000 0.140000
3 0.408333 0.773750 0.070000 0.097500
3 0.679167 0.723750 0.135000 0.137500
2 0.454167 0.143750 0.028333 0.027500
1 0.576667 0.646250 0.080000 0.092500
3 0.536667 0.755000 0.096667 0.165000
3 0.119167 0.086250 0.095000 0.117500
1 0.383333 0.180000 0.036667 0.040000
2 0.620000 0.435000 0.073333 0.150000
0 0.127500 0.653750 0.045000 0.052500
