2 0.788333 0.390000 0.120000 0.195000
1 0.755000 0.042500 0.033333 0.055000
3 0.646667 0.715000 0.080000 0.095000
1 0.772500 0.363750 0.035000 0.047500
2 0.362500 0.846250 0.038333 0.152500
3 0.412500 0.163750 0.085000 0.102500
1 0.346667 0.673750 0.083333 0.212500
0 0.580000 0.182500 0.096667 0.120000
1 0.719167 0.332500 0.075000 0.090000
2 0.719167 0.562500 0.068333 0.105000
0 0.465000 0.195000 0.033333 0.050000
3 0.681667 0.886250 0.066667 0.082500
2 0.098333 0.146250 0.103333 0.162500
3 0.376667 0.180000 0.083333 0.145000
0 0.791667 0.232500 0.080000 0.120000
2 0.926667 0.908750 0.053333 0.067500
3 0.620833 0.117500 0.101667 0.190000
3 0.240833 0.422500 0.085000 0.135000
1 0.062500 0.840000 0.125000 0.155000
3 0.685000 0.671250 0.076667 0.072500
0 0.376667 0.810000 0.126667 0.235000
0 0.295000 0.457500 0.150000 0.225000
1 0.464167 0.308750 0.051667 0.067500
