0 0.576667 0.275000 0.110000 0.140000
3 0.704167 0.521250 0.115000 0.112500
3 0.374167 0.842500 0.058333 0.055000
3 0.318333 0.521250 0.086667 0.152500
2 0.780833 0.355000 0.105000 0.130000
3 0.433333 0.636250 0.116667 0.112500
1 0.300000 0.561250 0.120000 0.187500
3 0.396667 0.728750 0.106667 0.077500
2 0.240833 0.513750 0.068333 0.112500
2 0.847500 0.553750 0.061667 0.232500
0 0.535000 0.528750 0.166667 0.257500
2 0.415833 0.711250 0.105000 0.117500
0 0.646667 0.315000 0.193333 0.235000
1 0.411667 0.152500 0.086667 0.130000
2 0.500833 0.163750 0.165000 0.252500
3 0.752500 0.396250 0.041667 0.052500
1 0.312500 0.857500 0.095000 0.175000
1 0.888333 0.497500 0.090000 0.145000
0 0.719167 0.447500 0.081667 0.125000
1 0.454167 0.450000 0.055000 0.105000
0 0.278333 0.758750 0.050000 0.072500
3 0.414167 0.621250 0.048333 0.037500
1 0.779167 0.116250 0.058333 0.072500
1 0.740833 0.553750 0.135000 0.217500
3 0.652500 0.181250 0.128333 0.162500
1 0.543333 0.498750 0.080000 0.212500
3 0.575833 0.711250 0.088333 0.177500
0 0.151667 0.255000 0.086667 0.120000
2 0.546667 0.233750 0.033333 0.057500
1 0.206667 0.160000 0.040000 0.065000
1 0.845833 0.061250 0.075000 0.107500
1 0.814167 0.757500 0.121667 0.155000
0 0.795833 0.833750 0.095000 0.157500
0 0.325833 0.397500 0.041667 0.060000
0 0.354167 0.270000 0.055000 0.095000
2 0.714167 0.443750 0.121667 0.182500
3 0.038333 0.625000 0.073333 0.065000
2 0.249167 0.160000 0.168333 0.215000
2 0.782500 0.347500 0.115000 0.175000
3 0.320000 0.718750 0.056667 0.082500
1 0.861667 0.051250 0.026667 0.077500
3 0.366667 0.565000 0.026667 0.035000
1 0.145833 0.601250 0.058333 0.072500
1 0.401667 0.356250 0.083333 0.122500
