3 0.308333 0.188750 0.063333 0.067500
3 0.797500 0.266250 0.085000 0.082500
3 0.598333 0.136250 0.033333 0.047500
3 0.114167 0.602500 0.125000 0.185000
3 0.143333 0.177500 0.103333 0.110000
3 0.394167 0.752500 0.048333 0.065000
0 0.370833 0.132500 0.041667 0.050000
0 0.608333 0.380000 0.056667 0.090000
3 0.745000 0.030000 0.023333 0.055000
0 0.530833 0.817500 0.145000 0.225000
1 0.585000 0.641250 0.046667 0.062500
2 0.710833 0.197500 0.045000 0.080000
0 0.830000 0.058750 0.053333 0.072500
0 0.107500 0.335000 0.035000 0.050000
2 0.435833 0.212500 0.108333 0.165000
3 0.160000 0.473750 0.090000 0.177500
2 0.422500 0.290000 0.151667 0.205000
3 0.157500 0.792500 0.038333 0.035000
0 0.371667 0.681250 0.196667 0.292500
0 0.546667 0.205000 0.090000 0.100000
0 0.305000 0.252500 0.036667 0.050000
0 0.156667 0.407500 0.080000 0.185000
2 0.129167 0.465000 0.035000 0.070000
2 0.124167 0.621250 0.071667 0.072500
1 0.812500 0.321250 0.035000 0.047500
3 0.100833 0.217500 0.028333 0.045000
2 0.063333 0.141250 0.103333 0.152500
3 0.291667 0.258750 0.156667 0.252500
2 0.496667 0.878750 0.120000 0.172500
2 0.154167 0.832500 0.115000 0.225000
3 0.554167 0.746250 0.058333 0.062500
3 0.480833 0.552500 0.061667 0.190000
0 0.078333 0.663750 0.043333 0.082500
2 0.075833 0.595000 0.025000 0.055000
