2 0.358333 0.505000 0.050000 0.130000
1 0.225000 0.187500 0.063333 0.075000
1 0.275000 0.721250 0.136667 0.157500
1 0.869167 0.490000 0.055000 0.105000
1 0.520000 0.790000 0.100000 0.140000
1 0.427500 0.676250 0.041667 0.057500
0 0.420833 0.647500 0.168333 0.290000
1 0.633333 0.741250 0.133333 0.207500
0 0.866667 0.496250 0.133333 0.202500
1 0.238333 0.692500 0.090000 0.205000
0 0.647500 0.548750 0.101667 0.162500
2 0.157500 0.855000 0.058333 0.135000
2 0.210000 0.045000 0.016667 0.085000
2 0.405000 0.178750 0.090000 0.142500
0 0.920833 0.813750 0.135000 0.187500
2 0.905000 0.465000 0.023333 0.055000
1 0.825833 0.896250 0.088333 0.122500
2 0.815000 0.446250 0.080000 0.102500
3 0.505833 0.106250 0.055000 0.082500
0 0.859167 0.682500 0.155000 0.215000
1 0.132500 0.788750 0.068333 0.077500
3 0.390000 0.240000 0.090000 0.085000
3 0.191667 0.363750 0.070000 0.092500
1 0.913333 0.530000 0.086667 0.110000
3 0.916667 0.381250 0.053333 0.057500
1 0.076667 0.857500 0.026667 0.050000
2 0.099167 0.703750 0.061667 0.057500
3 0.229167 0.173750 0.085000 0.067500
1 0.080000 0.120000 0.143333 0.195000
3 0.175000 0.161250 0.076667 0.097500
3 0.660833 0.337500 0.118333 0.135000
2 0.554167 0.366250 0.098333 0.112500
2 0.532500 0.743750 0.088333 0.147500
