1 0.065833 0.566250 0.118333 0.132500
0 0.210833 0.461250 0.111667 0.197500
1 0.627500 0.743750 0.071667 0.102500
1 0.054167 0.637500 0.108333 0.125000
2 0.695000 0.146250 0.130000 0.137500
0 0.661667 0.320000 0.143333 0.200000
2 0.262500 0.851250 0.071667 0.072500
0 0.815000 0.322500 0.060000 0.095000
1 0.340833 0.270000 0.085000 0.125000
3 0.386667 0.535000 0.056667 0.065000
3 0.723333 0.710000 0.026667 0.040000
2 0.134167 0.526250 0.141667 0.147500
3 0.220833 0.151250 0.058333 0.062500
1 0.430833 0.063750 0.061667 0.087500
2 0.498333 0.482500 0.096667 0.235000
0 0.712500 0.461250 0.045000 0.077500
1 0.540000 0.357500 0.126667 0.180000
1 0.393333 0.577500 0.146667 0.210000
1 0.710833 0.535000 0.031667 0.045000
3 0.030000 0.912500 0.040000 0.070000
1 0.275000 0.388750 0.040000 0.087500
2 0.562500 0.560000 0.091667 0.155000
2 0.533333 0.458750 0.093333 0.217500
2 0.864167 0.458750 0.025000 0.042500
2 0.467500 0.726250 0.035000 0.057500
3 0.431667 0.391250 0.060000 0.067500
3 0.712500 0.572500 0.095000 0.130000
1 0.524167 0.466250 0.055000 0.077500
2 0.682500 0.226250 0.028333 0.042500
1 0.245833 0.897500 0.061667 0.090000
1 0.567500 0.326250 0.131667 0.197500
2 0.279167 0.567500 0.121667 0.240000
1 0.355833 0.815000 0.078333 0.095000
0 0.412500 0.787500 0.108333 0.220000
2 0.132500 0.200000 0.018333 0.055000
1 0.282500 0.315000 0.068333 0.095000
2 0.749167 0.180000 0.028333 0.055000
3 0.479167 0.045000 0.058333 0.065000
2 0.844167 0.336250 0.101667 0.002500
3 0.706667 0.153750 0.050000 0.027500
3 0.841667 0.141250 0.046667 0.072500
1 0.080000 0.737500 0.133333 0.195000
0 0.537500 0.131250 0.115000 0.172500
1 0.252500 0.045000 0.038333 0.075000
