3 0.065000 0.397500 0.093333 0.100000
1 0.289167 0.358750 0.108333 0.142500
0 0.641667 0.413750 0.103333 0.157500
0 0.233333 0.896250 0.063333 0.092500
0 0.186667 0.565000 0.060000 0.105000
0 0.108333 0.275000 0.136667 0.205000
2 0.716667 0.747500 0.066667 0.105000
1 0.434167 0.635000 0.038333 0.050000
1 0.340000 0.305000 0.043333 0.115000
2 0.610000 0.403750 0.126667 0.152500
3 0.523333 0.653750 0.116667 0.127500
2 0.242500 0.755000 0.071667 0.085000
0 0.686667 0.676250 0.140000 0.217500
1 0.377500 0.812500 0.095000 0.105000
2 0.066667 0.081250 0.070000 0.152500
1 0.882500 0.243750 0.078333 0.097500
0 0.215000 0.311250 0.103333 0.167500
3 0.629167 0.122500 0.048333 0.085000
1 0.151667 0.198750 0.133333 0.182500
1 0.700833 0.067500 0.111667 0.120000
3 0.552500 0.490000 0.148333 0.240000
3 0.714167 0.167500 0.045000 0.040000
1 0.079167 0.285000 0.045000 0.100000
3 0.243333 0.678750 0.120000 0.162500
2 0.819167 0.230000 0.155000 0.145000
1 0.780833 0.098750 0.091667 0.117500
3 0.522500 0.452500 0.085000 0.240000
3 0.177500 0.057500 0.121667 0.095000
0 0.489167 0.611250 0.061667 0.092500
3 0.097500 0.763750 0.081667 0.127500
2 0.245833 0.833750 0.121667 0.182500
1 0.586667 0.202500 0.100000 0.130000
2 0.471667 0.571250 0.040000 0.057500
0 0.316667 0.256250 0.096667 0.167500
1 0.291667 0.166250 0.040000 0.067500
1 0.853333 0.850000 0.063333 0.055000
1 0.392500 0.411250 0.085000 0.157500
2 0.796667 0.588750 0.073333 0.077500
2 0.604167 0.678750 0.041667 0.057500
2 0.385000 0.247500 0.130000 0.105000
1 0.649167 0.437500 0.065000 0.075000
0 0.900833 0.101250 0.061667 0.087500
3 0.211667 0.396250 0.083333 0.082500
2 0.915000 0.130000 0.120000 0.105000
3 0.623333 0.738750 0.023333 0.067500
0 0.447500 0.395000 0.035000 0.065000
1 0.726667 0.872500 0.070000 0.085000
0 0.448333 0.201250 0.173333 0.207500
3 0.369167 0.817500 0.225000 0.225000
