3 0.747500 0.132500 0.041667 0.070000
3 0.761667 0.536250 0.036667 0.052500
1 0.046667 0.666250 0.023333 0.042500
1 0.390833 0.412500 0.118333 0.155000
1 0.290000 0.640000 0.043333 0.060000
3 0.396667 0.528750 0.270000 0.227500
2 0.444167 0.685000 0.115000 0.135000
3 0.630000 0.036250 0.053333 0.057500
3 0.659167 0.428750 0.025000 0.042500
0 0.202500 0.428750 0.171667 0.277500
1 0.569167 0.888750 0.058333 0.072500
2 0.435833 0.645000 0.111667 0.120000
3 0.773333 0.095000 0.096667 0.085000
2 0.114167 0.536250 0.115000 0.122500
2 0.614167 0.242500 0.135000 0.205000
0 0.238333 0.783750 0.073333 0.107500
1 0.934167 0.821250 0.088333 0.127500
0 0.760000 0.817500 0.136667 0.235000
2 0.347500 0.880000 0.085000 0.050000
1 0.299167 0.386250 0.055000 0.092500
