3 0.955833 0.866250 0.045000 0.037500
2 0.055833 0.676250 0.068333 0.062500
0 0.353333 0.940000 0.063333 0.075000
0 0.595000 0.646250 0.113333 0.177500
1 0.168333 0.437500 0.066667 0.080000
0 0.195000 0.828750 0.033333 0.042500
3 0.747500 0.210000 0.031667 0.100000
1 0.635833 0.458750 0.131667 0.192500
0 0.164167 0.442500 0.181667 0.260000
0 0.445000 0.208750 0.056667 0.092500
2 0.325000 0.563750 0.106667 0.132500
3 0.749167 0.762500 0.071667 0.100000
3 0.170000 0.472500 0.030000 0.040000
1 0.841667 0.371250 0.040000 0.062500
2 0.078333 0.543750 0.090000 0.117500
1 0.880833 0.626250 0.088333 0.182500
2 0.096667 0.267500 0.040000 0.080000
2 0.307500 0.436250 0.095000 0.097500
0 0.704167 0.103750 0.045000 0.067500
1 0.245000 0.198750 0.100000 0.122500
3 0.424167 0.126250 0.098333 0.112500
0 0.411667 0.217500 0.190000 0.235000
2 0.365000 0.435000 0.150000 0.175000
1 0.115000 0.177500 0.113333 0.160000
3 0.188333 0.446250 0.116667 0.142500
2 0.645833 0.602500 0.101667 0.090000
1 0.892500 0.833750 0.075000 0.132500
3 0.526667 0.300000 0.120000 0.125000
1 0.568333 0.741250 0.100000 0.162500
0 0.218333 0.712500 0.033333 0.055000
2 0.295833 0.853750 0.025000 0.037500
3 0.074167 0.275000 0.138333 0.165000
2 0.196667 0.442500 0.050000 0.065000
2 0.505000 0.953750 0.040000 0.052500
0 0.365000 0.365000 0.070000 0.085000
0 0.059167 0.513750 0.071667 0.107500
3 0.704167 0.625000 0.118333 0.085000
3 0.821667 0.143750 0.040000 0.102500
0 0.891667 0.690000 0.086667 0.130000
3 0.468333 0.532500 0.050000 0.100000
1 0.796667 0.266250 0.196667 0.222500
3 0.178333 0.116250 0.070000 0.042500
