3 0.690000 0.287500 0.073333 0.055000
2 0.110833 0.093750 0.061667 0.082500
0 0.860833 0.331250 0.141667 0.212500
2 0.603333 0.411250 0.216667 0.252500
3 0.626667 0.591250 0.030000 0.077500
2 0.581667 0.565000 0.140000 0.225000
0 0.712500 0.236250 0.058333 0.087500
0 0.640833 0.446250 0.041667 0.062500
1 0.408333 0.771250 0.100000 0.107500
1 0.588333 0.648750 0.020000 0.042500
2 0.231667 0.607500 0.076667 0.080000
3 0.585000 0.851250 0.043333 0.047500
3 0.509167 0.876250 0.035000 0.087500
2 0.683333 0.382500 0.026667 0.040000
2 0.762500 0.655000 0.101667 0.130000
3 0.132500 0.901250 0.031667 0.032500
