1 0.684167 0.561250 0.078333 0.177500
2 0.340833 0.955000 0.028333 0.060000
0 0.731667 0.330000 0.103333 0.150000
2 0.290833 0.595000 0.028333 0.055000
2 0.945833 0.532500 0.041667 0.065000
2 0.699167 0.478750 0.051667 0.107500
2 0.376667 0.865000 0.103333 0.110000
1 0.482500 0.703750 0.101667 0.132500
1 0.400833 0.481250 0.151667 0.202500
1 0.597500 0.540000 0.041667 0.075000
3 0.517500 0.713750 0.055000 0.062500
0 0.408333 0.128750 0.043333 0.067500
0 0.720000 0.670000 0.143333 0.180000
2 0.821667 0.770000 0.013333 0.285000
3 0.284167 0.200000 0.031667 0.055000
1 0.718333 0.568750 0.086667 0.097500
0 0.088333 0.373750 0.173333 0.202500
0 0.616667 0.216250 0.160000 0.252500
2 0.545000 0.662500 0.136667 0.190000
1 0.895000 0.425000 0.030000 0.035000
3 0.839167 0.185000 0.055000 0.150000
0 0.776667 0.586250 0.063333 0.077500
2 0.517500 0.603750 0.035000 0.042500
1 0.471667 0.552500 0.110000 0.135000
1 0.817500 0.753750 0.115000 0.197500
3 0.252500 0.733750 0.055000 0.082500
1 0.125000 0.162500 0.033333 0.040000
2 0.831667 0.571250 0.096667 0.142500
1 0.693333 0.503750 0.016667 0.042500
3 0.748333 0.696250 0.063333 0.107500
1 0.094167 0.352500 0.111667 0.120000
2 0.127500 0.812500 0.075000 0.240000
0 0.188333 0.332500 0.106667 0.170000
2 0.691667 0.322500 0.060000 0.090000
0 0.613333 0.795000 0.150000 0.215000
0 0.388333 0.581250 0.036667 0.057500
