0 0.555833 0.360000 0.098333 0.200000
0 0.212500 0.797500 0.138333 0.210000
3 0.224167 0.313750 0.041667 0.037500
0 0.063333 0.092500 0.060000 0.090000
1 0.299167 0.567500 0.055000 0.075000
0 0.140833 0.747500 0.155000 0.235000
0 0.332500 0.180000 0.081667 0.160000
3 0.284167 0.133750 0.065000 0.057500
3 0.709167 0.240000 0.038333 0.045000
2 0.504167 0.187500 0.121667 0.230000
1 0.910833 0.187500 0.071667 0.115000
1 0.311667 0.450000 0.130000 0.210000
1 0.718333 0.306250 0.026667 0.042500
0 0.766667 0.521250 0.083333 0.122500
1 0.785833 0.487500 0.061667 0.105000
1 0.099167 0.765000 0.058333 0.105000
1 0.825000 0.127500 0.083333 0.100000
2 0.449167 0.232500 0.115000 0.130000
2 0.928333 0.853750 0.043333 0.072500
1 0.415000 0.718750 0.113333 0.127500
0 0.779167 0.376250 0.151667 0.222500
0 0.760000 0.218750 0.063333 0.132500
2 0.726667 0.463750 0.096667 0.122500
1 0.307500 0.313750 0.065000 0.117500
2 0.714167 0.502500 0.085000 0.085000
1 0.080000 0.273750 0.036667 0.042500
2 0.568333 0.230000 0.040000 0.060000
1 0.475833 0.880000 0.028333 0.045000
1 0.507500 0.837500 0.085000 0.105000
1 0.303333 0.666250 0.113333 0.117500
0 0.708333 0.373750 0.110000 0.182500
0 0.775000 0.407500 0.120000 0.185000
2 0.479167 0.791250 0.071667 0.067500
1 0.531667 0.190000 0.150000 0.280000
