2 0.366667 0.525000 0.143333 0.215000
2 0.535833 0.137500 0.041667 0.060000
1 0.172500 0.507500 0.098333 0.175000
3 0.936667 0.772500 0.033333 0.080000
1 0.473333 0.592500 0.143333 0.175000
0 0.608333 0.180000 0.076667 0.090000
3 0.095000 0.158750 0.123333 0.142500
1 0.742500 0.670000 0.061667 0.080000
2 0.689167 0.597500 0.105000 0.100000
0 0.221667 0.315000 0.113333 0.180000
1 0.630000 0.313750 0.086667 0.107500
3 0.581667 0.478750 0.080000 0.062500
1 0.356667 0.543750 0.083333 0.102500
0 0.555833 0.111250 0.048333 0.072500
0 0.325000 0.680000 0.046667 0.070000
1 0.680000 0.606250 0.096667 0.092500
2 0.563333 0.531250 0.050000 0.142500
2 0.256667 0.443750 0.060000 0.092500
3 0.916667 0.311250 0.110000 0.177500
3 0.235000 0.367500 0.033333 0.085000
2 0.195833 0.221250 0.071667 0.062500
1 0.833333 0.791250 0.080000 0.087500
3 0.745000 0.637500 0.056667 0.090000
2 0.690000 0.258750 0.060000 0.097500
3 0.681667 0.297500 0.150000 0.220000
3 0.683333 0.275000 0.046667 0.090000
3 0.180833 0.572500 0.121667 0.140000
1 0.115833 0.410000 0.041667 0.055000
