2 0.288333 0.115000 0.093333 0.140000
1 0.567500 0.623750 0.111667 0.167500
0 0.722500 0.073750 0.045000 0.062500
3 0.541667 0.746250 0.106667 0.162500
2 0.349167 0.371250 0.155000 0.202500
1 0.123333 0.100000 0.113333 0.145000
3 0.871667 0.527500 0.166667 0.125000
0 0.894167 0.181250 0.091667 0.127500
3 0.175000 0.568750 0.040000 0.057500
0 0.137500 0.413750 0.185000 0.277500
2 0.160000 0.822500 0.070000 0.095000
1 0.535833 0.535000 0.088333 0.160000
1 0.385000 0.688750 0.090000 0.112500
0 0.442500 0.383750 0.095000 0.147500
2 0.500833 0.812500 0.125000 0.200000
2 0.320000 0.827500 0.130000 0.185000
1 0.805000 0.533750 0.103333 0.207500
1 0.379167 0.285000 0.025000 0.045000
3 0.413333 0.096250 0.073333 0.117500
1 0.893333 0.695000 0.096667 0.105000
1 0.918333 0.131250 0.063333 0.102500
0 0.630833 0.332500 0.045000 0.065000
0 0.720000 0.831250 0.073333 0.122500
0 0.387500 0.698750 0.108333 0.157500
2 0.770000 0.126250 0.090000 0.202500
0 0.536667 0.851250 0.050000 0.077500
3 0.409167 0.361250 0.115000 0.142500
0 0.535000 0.470000 0.060000 0.085000
3 0.191667 0.236250 0.026667 0.097500
2 0.240833 0.327500 0.068333 0.075000
1 0.749167 0.741250 0.061667 0.082500
0 0.601667 0.067500 0.076667 0.105000
1 0.805000 0.426250 0.070000 0.077500
1 0.787500 0.281250 0.005000 0.002500
2 0.570000 0.530000 0.100000 0.140000
