0 0.189167 0.518750 0.218333 0.302500
2 0.647500 0.423750 0.038333 0.097500
3 0.315000 0.116250 0.026667 0.027500
0 0.263333 0.803750 0.046667 0.077500
2 0.243333 0.312500 0.126667 0.140000
1 0.706667 0.590000 0.126667 0.155000
2 0.163333 0.842500 0.130000 0.175000
3 0.808333 0.812500 0.046667 0.150000
1 0.055000 0.168750 0.070000 0.077500
0 0.223333 0.925000 0.036667 0.055000
0 0.467500 0.260000 0.105000 0.140000
1 0.364167 0.177500 0.101667 0.105000
0 0.114167 0.655000 0.168333 0.250000
1 0.220000 0.611250 0.056667 0.072500
1 0.181667 0.775000 0.003333 0.000000
0 0.911667 0.815000 0.116667 0.235000
3 0.903333 0.403750 0.030000 0.092500
0 0.125000 0.391250 0.083333 0.157500
1 0.655833 0.070000 0.031667 0.055000
1 0.703333 0.201250 0.113333 0.227500
0 0.725833 0.232500 0.131667 0.215000
3 0.358333 0.287500 0.096667 0.075000
1 0.663333 0.646250 0.066667 0.087500
1 0.575000 0.413750 0.096667 0.142500
2 0.619167 0.405000 0.128333 0.170000
3 0.132500 0.135000 0.125000 0.105000
3 0.401667 0.596250 0.036667 0.107500
0 0.043333 0.796250 0.063333 0.092500
3 0.853333 0.415000 0.060000 0.130000
3 0.437500 0.628750 0.098333 0.152500
3 0.596667 0.803750 0.046667 0.077500
3 0.042500 0.766250 0.065000 0.132500
0 0.574167 0.065000 0.071667 0.090000
