0 0.816667 0.595000 0.136667 0.180000
1 0.219167 0.722500 0.071667 0.105000
2 0.520833 0.552500 0.055000 0.060000
2 0.288333 0.115000 0.100000 0.070000
1 0.255000 0.385000 0.066667 0.125000
3 0.633333 0.627500 0.026667 0.045000
0 0.743333 0.631250 0.036667 0.057500
0 0.772500 0.531250 0.101667 0.152500
1 0.194167 0.487500 0.075000 0.070000
1 0.075000 0.255000 0.056667 0.100000
3 0.136667 0.310000 0.060000 0.070000
2 0.243333 0.688750 0.070000 0.192500
3 0.409167 0.400000 0.058333 0.050000
2 0.390833 0.503750 0.148333 0.152500
1 0.140000 0.700000 0.103333 0.120000
1 0.679167 0.533750 0.091667 0.152500
2 0.696667 0.218750 0.166667 0.202500
1 0.061667 0.671250 0.050000 0.087500
1 0.619167 0.163750 0.108333 0.122500
1 0.109167 0.780000 0.051667 0.125000
2 0.279167 0.397500 0.125000 0.180000
1 0.283333 0.702500 0.086667 0.090000
0 0.072500 0.631250 0.138333 0.222500
1 0.337500 0.076250 0.071667 0.127500
0 0.403333 0.215000 0.180000 0.250000
1 0.422500 0.260000 0.131667 0.155000
3 0.122500 0.198750 0.121667 0.157500
2 0.405833 0.586250 0.135000 0.247500
1 0.149167 0.446250 0.118333 0.127500
3 0.212500 0.206250 0.101667 0.082500
0 0.703333 0.638750 0.150000 0.192500
3 0.920833 0.060000 0.025000 0.045000
2 0.848333 0.752500 0.030000 0.045000
2 0.175000 0.435000 0.060000 0.065000
0 0.260833 0.493750 0.125000 0.232500
2 0.281667 0.868750 0.070000 0.112500
1 0.185000 0.495000 0.090000 0.195000
1 0.727500 0.576250 0.108333 0.117500
1 0.721667 0.643750 0.060000 0.112500
