3 0.152500 0.590000 0.048333 0.065000
0 0.159167 0.791250 0.061667 0.087500
1 0.460000 0.722500 0.146667 0.175000
2 0.232500 0.323750 0.088333 0.052500
1 0.530000 0.501250 0.056667 0.112500
1 0.326667 0.635000 0.103333 0.130000
1 0.085000 0.113750 0.066667 0.097500
0 0.717500 0.562500 0.138333 0.165000
0 0.827500 0.483750 0.181667 0.242500
3 0.791667 0.751250 0.040000 0.032500
2 0.601667 0.788750 0.056667 0.057500
1 0.581667 0.420000 0.053333 0.055000
0 0.525833 0.752500 0.138333 0.215000
3 0.633333 0.676250 0.173333 0.257500
3 0.075833 0.311250 0.041667 0.032500
2 0.590000 0.146250 0.146667 0.177500
0 0.513333 0.701250 0.060000 0.092500
2 0.731667 0.431250 0.140000 0.162500
0 0.555000 0.158750 0.070000 0.137500
0 0.330000 0.068750 0.083333 0.112500
0 0.610000 0.703750 0.076667 0.112500
