2 0.804167 0.530000 0.075000 0.105000
1 0.720000 0.666250 0.096667 0.142500
2 0.063333 0.190000 0.093333 0.165000
1 0.772500 0.837500 0.101667 0.175000
3 0.525000 0.746250 0.090000 0.112500
2 0.224167 0.100000 0.061667 0.045000
1 0.714167 0.758750 0.055000 0.072500
2 0.505000 0.671250 0.170000 0.222500
3 0.296667 0.612500 0.126667 0.125000
0 0.602500 0.251250 0.101667 0.147500
2 0.506667 0.600000 0.140000 0.085000
0 0.535833 0.180000 0.148333 0.220000
0 0.070833 0.526250 0.131667 0.202500
1 0.872500 0.930000 0.041667 0.120000
2 0.328333 0.047500 0.046667 0.085000
3 0.214167 0.472500 0.098333 0.150000
2 0.579167 0.756250 0.025000 0.072500
3 0.891667 0.068750 0.053333 0.077500
