1 0.162500 0.528750 0.031667 0.072500
2 0.141667 0.853750 0.066667 0.097500
1 0.289167 0.520000 0.078333 0.105000
3 0.596667 0.130000 0.133333 0.135000
0 0.597500 0.625000 0.075000 0.120000
1 0.047500 0.852500 0.055000 0.150000
0 0.404167 0.247500 0.128333 0.195000
3 0.358333 0.140000 0.080000 0.115000
0 0.860833 0.383750 0.115000 0.142500
2 0.180000 0.422500 0.093333 0.110000
1 0.927500 0.741250 0.038333 0.042500
2 0.120833 0.133750 0.048333 0.067500
0 0.459167 0.625000 0.108333 0.175000
0 0.146667 0.597500 0.150000 0.200000
1 0.715833 0.646250 0.138333 0.162500
2 0.506667 0.311250 0.090000 0.122500
0 0.564167 0.922500 0.041667 0.090000
0 0.120833 0.530000 0.148333 0.225000
2 0.310000 0.755000 0.036667 0.060000
0 0.725000 0.240000 0.056667 0.065000
3 0.895833 0.546250 0.081667 0.092500
1 0.574167 0.450000 0.071667 0.125000
2 0.154167 0.361250 0.071667 0.077500
0 0.380000 0.738750 0.133333 0.207500
2 0.889167 0.123750 0.151667 0.237500
1 0.654167 0.620000 0.031667 0.045000
0 0.115000 0.600000 0.050000 0.120000
0 0.681667 0.145000 0.063333 0.130000
0 0.651667 0.415000 0.113333 0.205000
