2 0.885000 0.730000 0.116667 0.180000
0 0.771667 0.633750 0.166667 0.222500
2 0.199167 0.306250 0.115000 0.082500
0 0.240833 0.278750 0.125000 0.187500
3 0.449167 0.508750 0.041667 0.067500
1 0.867500 0.821250 0.028333 0.032500
3 0.624167 0.786250 0.051667 0.122500
2 0.644167 0.306250 0.098333 0.147500
3 0.324167 0.842500 0.081667 0.100000
0 0.305833 0.646250 0.068333 0.122500
2 0.800000 0.458750 0.053333 0.077500
1 0.108333 0.573750 0.090000 0.162500
0 0.485833 0.271250 0.165000 0.237500
2 0.299167 0.797500 0.098333 0.100000
2 0.301667 0.822500 0.106667 0.175000
