0 0.015000 0.337500 0.026667 0.040000
0 0.850000 0.291250 0.050000 0.057500
1 0.584167 0.851250 0.105000 0.112500
3 0.266667 0.370000 0.106667 0.090000
2 0.335000 0.775000 0.120000 0.195000
0 0.340833 0.550000 0.075000 0.090000
0 0.510833 0.800000 0.088333 0.155000
2 0.692500 0.111250 0.101667 0.167500
3 0.740000 0.182500 0.063333 0.080000
1 0.524167 0.340000 0.048333 0.055000
1 0.444167 0.525000 0.108333 0.165000
1 0.297500 0.920000 0.048333 0.070000
3 0.604167 0.513750 0.055000 0.047500
3 0.357500 0.377500 0.118333 0.105000
1 0.207500 0.881250 0.041667 0.047500
3 0.355000 0.298750 0.113333 0.167500
2 0.345000 0.425000 0.113333 0.225000
1 0.359167 0.746250 0.138333 0.187500
0 0.285000 0.801250 0.156667 0.242500
1 0.309167 0.768750 0.071667 0.142500
2 0.110833 0.820000 0.131667 0.135000
3 0.818333 0.206250 0.093333 0.067500
3 0.460000 0.283750 0.123333 0.142500
1 0.155000 0.122500 0.140000 0.215000
0 0.080833 0.148750 0.141667 0.202500
1 0.687500 0.693750 0.061667 0.082500
1 0.397500 0.197500 0.028333 0.035000
1 0.425833 0.517500 0.145000 0.185000
3 0.650000 0.412500 0.026667 0.035000
3 0.812500 0.320000 0.075000 0.125000
3 0.875000 0.325000 0.100000 0.135000
2 0.830000 0.121250 0.166667 0.172500
2 0.850000 0.722500 0.173333 0.235000
1 0.365833 0.528750 0.028333 0.042500
3 0.206667 0.270000 0.086667 0.080000
1 0.327500 0.411250 0.028333 0.057500
2 0.055833 0.695000 0.061667 0.180000
2 0.599167 0.646250 0.055000 0.067500
3 0.134167 0.307500 0.088333 0.115000
0 0.252500 0.685000 0.068333 0.155000
2 0.735000 0.455000 0.040000 0.145000
2 0.556667 0.408750 0.046667 0.197500
3 0.853333 0.258750 0.030000 0.047500
0 0.498333 0.626250 0.133333 0.207500
2 0.676667 0.062500 0.076667 0.065000
