1 0.441667 0.236250 0.023333 0.052500
2 0.117500 0.390000 0.105000 0.060000
2 0.625833 0.226250 0.158333 0.192500
1 0.277500 0.221250 0.055000 0.077500
1 0.464167 0.108750 0.071667 0.127500
2 0.221667 0.866250 0.086667 0.082500
3 0.843333 0.200000 0.043333 0.035000
1 0.631667 0.263750 0.100000 0.132500
2 0.069167 0.438750 0.135000 0.137500
0 0.105833 0.602500 0.081667 0.150000
0 0.183333 0.531250 0.106667 0.162500
0 0.248333 0.691250 0.080000 0.137500
3 0.142500 0.542500 0.078333 0.080000
2 0.500833 0.241250 0.001667 0.087500
3 0.374167 0.288750 0.058333 0.102500
1 0.685000 0.305000 0.113333 0.145000
2 0.097500 0.410000 0.151667 0.180000
0 0.725833 0.853750 0.115000 0.137500
1 0.800000 0.313750 0.076667 0.097500
0 0.466667 0.862500 0.186667 0.260000
3 0.615833 0.801250 0.068333 0.102500
0 0.744167 0.400000 0.098333 0.150000
3 0.258333 0.775000 0.086667 0.165000
1 0.420000 0.278750 0.080000 0.102500
2 0.360000 0.731250 0.090000 0.162500
3 0.275833 0.431250 0.095000 0.137500
3 0.220000 0.392500 0.040000 0.090000
0 0.811667 0.788750 0.103333 0.142500
2 0.223333 0.418750 0.106667 0.097500
1 0.230833 0.562500 0.105000 0.150000
3 0.025833 0.556250 0.035000 0.132500
0 0.166667 0.310000 0.193333 0.290000
2 0.560833 0.798750 0.051667 0.072500
0 0.590000 0.483750 0.150000 0.222500
1 0.670000 0.141250 0.146667 0.177500
3 0.869167 0.538750 0.081667 0.097500
2 0.195000 0.706250 0.046667 0.197500
1 0.790833 0.450000 0.121667 0.155000
2 0.585000 0.081250 0.060000 0.047500
0 0.928333 0.820000 0.090000 0.145000
0 0.152500 0.787500 0.125000 0.200000
2 0.167500 0.567500 0.148333 0.195000
2 0.875000 0.586250 0.050000 0.102500
0 0.675833 0.401250 0.088333 0.137500
0 0.831667 0.512500 0.083333 0.115000
3 0.465833 0.230000 0.125000 0.130000
1 0.196667 0.768750 0.046667 0.082500
1 0.844167 0.342500 0.048333 0.055000
1 0.277500 0.610000 0.131667 0.180000
