3 0.208333 0.373750 0.040000 0.022500
1 0.396667 0.871250 0.096667 0.102500
2 0.429167 0.175000 0.118333 0.165000
2 0.272500 0.568750 0.075000 0.107500
2 0.903333 0.380000 0.053333 0.095000
0 0.721667 0.361250 0.103333 0.132500
2 0.659167 0.102500 0.088333 0.180000
3 0.322500 0.598750 0.101667 0.087500
1 0.480833 0.747500 0.155000 0.145000
0 0.840000 0.876250 0.076667 0.102500
2 0.172500 0.207500 0.118333 0.200000
3 0.879167 0.317500 0.028333 0.035000
0 0.190833 0.582500 0.145000 0.180000
2 0.830833 0.212500 0.088333 0.075000
1 0.045833 0.653750 0.061667 0.082500
1 0.284167 0.652500 0.095000 0.175000
3 0.365833 0.838750 0.028333 0.087500
1 0.445833 0.117500 0.041667 0.055000
1 0.601667 0.495000 0.100000 0.175000
0 0.483333 0.303750 0.103333 0.152500
2 0.647500 0.805000 0.168333 0.195000
2 0.308333 0.478750 0.103333 0.242500
1 0.487500 0.361250 0.131667 0.167500
3 0.694167 0.281250 0.058333 0.157500
0 0.675000 0.725000 0.146667 0.205000
2 0.508333 0.841250 0.080000 0.117500
3 0.799167 0.636250 0.021667 0.067500
3 0.834167 0.341250 0.095000 0.112500
2 0.480833 0.847500 0.081667 0.075000
1 0.104167 0.442500 0.131667 0.150000
2 0.305833 0.616250 0.138333 0.157500
1 0.464167 0.902500 0.048333 0.060000
