0 0.380833 0.645000 0.155000 0.245000
0 0.712500 0.746250 0.078333 0.097500
1 0.573333 0.655000 0.096667 0.150000
3 0.937500 0.071250 0.025000 0.057500
0 0.372500 0.548750 0.058333 0.092500
0 0.528333 0.598750 0.070000 0.102500
3 0.485000 0.323750 0.073333 0.077500
2 0.867500 0.696250 0.028333 0.052500
0 0.190000 0.230000 0.090000 0.120000
1 0.351667 0.748750 0.140000 0.192500
3 0.570000 0.806250 0.026667 0.072500
0 0.675833 0.770000 0.085000 0.145000
0 0.760833 0.213750 0.138333 0.237500
1 0.297500 0.586250 0.081667 0.107500
0 0.683333 0.467500 0.050000 0.070000
2 0.085833 0.546250 0.055000 0.067500
3 0.565000 0.092500 0.086667 0.110000
0 0.243333 0.798750 0.150000 0.172500
3 0.360000 0.435000 0.066667 0.155000
3 0.024167 0.220000 0.041667 0.105000
2 0.571667 0.803750 0.126667 0.152500
1 0.180000 0.822500 0.123333 0.215000
1 0.131667 0.398750 0.056667 0.082500
3 0.898333 0.371250 0.026667 0.017500
2 0.626667 0.350000 0.100000 0.100000
0 0.548333 0.713750 0.150000 0.207500
1 0.582500 0.598750 0.041667 0.067500
0 0.689167 0.260000 0.168333 0.250000
0 0.263333 0.358750 0.120000 0.232500
2 0.045833 0.852500 0.085000 0.125000
3 0.346667 0.118750 0.106667 0.147500
3 0.722500 0.167500 0.048333 0.050000
0 0.621667 0.876250 0.046667 0.072500
0 0.159167 0.688750 0.035000 0.057500
