1 0.575000 0.417500 0.043333 0.080000
0 0.406667 0.275000 0.113333 0.155000
3 0.540000 0.363750 0.030000 0.052500
1 0.382500 0.726250 0.125000 0.177500
1 0.611667 0.852500 0.070000 0.105000
2 0.176667 0.238750 0.123333 0.102500
0 0.640000 0.167500 0.073333 0.100000
0 0.330000 0.758750 0.063333 0.107500
0 0.518333 0.723750 0.170000 0.257500
2 0.434167 0.418750 0.098333 0.147500
0 0.670833 0.345000 0.141667 0.185000
1 0.330833 0.371250 0.041667 0.092500
0 0.709167 0.228750 0.111667 0.187500
0 0.924167 0.193750 0.075000 0.112500
3 0.847500 0.627500 0.085000 0.165000
2 0.174167 0.532500 0.031667 0.055000
2 0.239167 0.761250 0.138333 0.197500
1 0.242500 0.756250 0.098333 0.222500
2 0.263333 0.608750 0.116667 0.082500
2 0.592500 0.257500 0.135000 0.150000
2 0.823333 0.103750 0.086667 0.122500
0 0.303333 0.668750 0.140000 0.242500
0 0.325833 0.556250 0.061667 0.102500
3 0.513333 0.241250 0.033333 0.062500
1 0.885000 0.750000 0.133333 0.155000
3 0.447500 0.875000 0.065000 0.095000
1 0.228333 0.541250 0.096667 0.112500
3 0.280833 0.462500 0.081667 0.095000
3 0.836667 0.778750 0.150000 0.222500
1 0.225000 0.408750 0.040000 0.082500
2 0.130833 0.412500 0.101667 0.185000
2 0.654167 0.322500 0.058333 0.060000
1 0.732500 0.286250 0.061667 0.072500
1 0.410833 0.695000 0.125000 0.145000
0 0.645000 0.152500 0.080000 0.155000
2 0.634167 0.171250 0.088333 0.107500
1 0.920833 0.138750 0.101667 0.122500
1 0.180833 0.538750 0.051667 0.052500
1 0.050833 0.447500 0.078333 0.095000
0 0.121667 0.101250 0.113333 0.167500
3 0.230000 0.566250 0.046667 0.037500
0 0.623333 0.600000 0.113333 0.135000
1 0.298333 0.218750 0.086667 0.122500
