3 0.730833 0.200000 0.101667 0.155000
1 0.148333 0.415000 0.056667 0.080000
3 0.768333 0.595000 0.226667 0.240000
1 0.305833 0.156250 0.091667 0.127500
1 0.707500 0.742500 0.118333 0.150000
3 0.147500 0.537500 0.088333 0.145000
2 0.864167 0.386250 0.145000 0.147500
0 0.587500 0.577500 0.168333 0.260000
0 0.290000 0.278750 0.070000 0.082500
2 0.774167 0.867500 0.088333 0.110000
2 0.316667 0.141250 0.086667 0.112500
2 0.623333 0.466250 0.063333 0.067500
3 0.867500 0.400000 0.068333 0.190000
3 0.290833 0.550000 0.098333 0.155000
2 0.139167 0.410000 0.108333 0.145000
1 0.131667 0.422500 0.043333 0.040000
2 0.790833 0.370000 0.115000 0.070000
0 0.077500 0.191250 0.051667 0.112500
1 0.501667 0.151250 0.110000 0.192500
0 0.516667 0.425000 0.043333 0.065000
1 0.710833 0.617500 0.145000 0.150000
1 0.092500 0.450000 0.038333 0.045000
2 0.275833 0.571250 0.045000 0.067500
1 0.040833 0.533750 0.041667 0.052500
2 0.161667 0.836250 0.006667 0.147500
1 0.078333 0.121250 0.120000 0.172500
3 0.520833 0.741250 0.041667 0.102500
0 0.655000 0.520000 0.043333 0.075000
1 0.330833 0.182500 0.091667 0.150000
0 0.496667 0.273750 0.110000 0.162500
