0 0.747500 0.506250 0.055000 0.067500
0 0.607500 0.866250 0.175000 0.207500
3 0.346667 0.545000 0.023333 0.050000
3 0.230000 0.203750 0.046667 0.127500
2 0.462500 0.846250 0.128333 0.102500
1 0.862500 0.553750 0.065000 0.167500
3 0.428333 0.685000 0.023333 0.055000
1 0.355833 0.840000 0.085000 0.110000
2 0.749167 0.356250 0.121667 0.152500
2 0.885833 0.272500 0.058333 0.080000
2 0.730000 0.791250 0.096667 0.162500
2 0.224167 0.265000 0.048333 0.085000
1 0.949167 0.501250 0.025000 0.047500
3 0.390833 0.071250 0.028333 0.062500
0 0.580000 0.285000 0.096667 0.160000
3 0.572500 0.327500 0.051667 0.120000
3 0.207500 0.913750 0.028333 0.082500
