0 0.609167 0.193750 0.125000 0.207500
0 0.058333 0.426250 0.086667 0.137500
2 0.859167 0.577500 0.118333 0.195000
0 0.798333 0.745000 0.140000 0.200000
3 0.341667 0.030000 0.056667 0.040000
1 0.757500 0.152500 0.141667 0.155000
3 0.660000 0.491250 0.033333 0.102500
0 0.505000 0.801250 0.146667 0.222500
3 0.256667 0.178750 0.120000 0.112500
3 0.348333 0.081250 0.126667 0.147500
2 0.775833 0.555000 0.058333 0.080000
3 0.270833 0.233750 0.218333 0.217500
0 0.884167 0.352500 0.055000 0.075000
2 0.856667 0.445000 0.106667 0.110000
3 0.229167 0.290000 0.061667 0.060000
3 0.873333 0.258750 0.050000 0.127500
3 0.465833 0.433750 0.111667 0.112500
0 0.769167 0.428750 0.085000 0.147500
1 0.641667 0.061250 0.080000 0.102500
0 0.665000 0.118750 0.050000 0.082500
2 0.466667 0.091250 0.030000 0.052500
0 0.675000 0.742500 0.090000 0.220000
0 0.902500 0.223750 0.091667 0.132500
2 0.101667 0.297500 0.113333 0.220000
1 0.227500 0.537500 0.091667 0.115000
2 0.792500 0.313750 0.098333 0.137500
2 0.284167 0.880000 0.155000 0.180000
2 0.925000 0.721250 0.090000 0.117500
0 0.816667 0.841250 0.090000 0.142500
2 0.090000 0.333750 0.136667 0.177500
2 0.048333 0.617500 0.026667 0.050000
0 0.235833 0.840000 0.055000 0.085000
3 0.284167 0.616250 0.045000 0.087500
3 0.408333 0.018750 0.030000 0.032500
3 0.191667 0.556250 0.043333 0.107500
3 0.544167 0.368750 0.031667 0.087500
3 0.432500 0.390000 0.095000 0.270000
1 0.090000 0.215000 0.080000 0.120000
2 0.153333 0.313750 0.106667 0.177500
3 0.172500 0.087500 0.111667 0.125000
2 0.288333 0.388750 0.093333 0.102500
0 0.111667 0.798750 0.116667 0.152500
1 0.420000 0.952500 0.030000 0.050000
3 0.951667 0.915000 0.053333 0.060000
2 0.610833 0.223750 0.128333 0.202500
1 0.561667 0.416250 0.036667 0.037500
0 0.788333 0.167500 0.116667 0.185000
