3 0.405000 0.491250 0.086667 0.162500
3 0.765833 0.450000 0.045000 0.115000
2 0.485000 0.648750 0.093333 0.247500
0 0.288333 0.305000 0.066667 0.100000
2 0.765000 0.387500 0.116667 0.220000
1 0.660833 0.295000 0.118333 0.185000
0 0.540000 0.832500 0.100000 0.120000
2 0.629167 0.365000 0.118333 0.100000
0 0.765000 0.193750 0.113333 0.182500
2 0.127500 0.607500 0.068333 0.070000
0 0.546667 0.171250 0.063333 0.097500
2 0.792500 0.510000 0.115000 0.165000
3 0.813333 0.202500 0.080000 0.190000
0 0.330000 0.710000 0.220000 0.305000
3 0.820833 0.386250 0.101667 0.057500
3 0.635000 0.410000 0.050000 0.060000
3 0.055833 0.876250 0.028333 0.022500
1 0.650000 0.293750 0.053333 0.062500
1 0.484167 0.113750 0.028333 0.032500
0 0.686667 0.416250 0.120000 0.192500
1 0.140000 0.632500 0.066667 0.115000
2 0.262500 0.887500 0.085000 0.115000
1 0.955000 0.398750 0.030000 0.037500
2 0.197500 0.403750 0.051667 0.112500
1 0.477500 0.206250 0.125000 0.157500
1 0.567500 0.395000 0.065000 0.065000
1 0.240833 0.731250 0.061667 0.177500
3 0.118333 0.456250 0.036667 0.057500
2 0.060000 0.306250 0.096667 0.187500
0 0.788333 0.137500 0.043333 0.055000
0 0.659167 0.830000 0.041667 0.085000
0 0.595833 0.862500 0.041667 0.055000
3 0.750833 0.875000 0.051667 0.105000
1 0.298333 0.218750 0.120000 0.147500
1 0.227500 0.796250 0.038333 0.037500
