3 0.713333 0.107500 0.060000 0.120000
1 0.734167 0.603750 0.038333 0.052500
2 0.565833 0.732500 0.101667 0.225000
2 0.895833 0.187500 0.038333 0.085000
1 0.354167 0.231250 0.065000 0.122500
0 0.400833 0.156250 0.085000 0.102500
3 0.136667 0.903750 0.040000 0.097500
3 0.758333 0.487500 0.043333 0.045000
1 0.894167 0.243750 0.048333 0.042500
1 0.203333 0.493750 0.136667 0.192500
0 0.563333 0.710000 0.240000 0.290000
3 0.131667 0.818750 0.043333 0.037500
2 0.458333 0.093750 0.130000 0.157500
2 0.415833 0.537500 0.068333 0.085000
1 0.651667 0.777500 0.123333 0.200000
3 0.363333 0.160000 0.086667 0.115000
