3 0.333333 0.912500 0.096667 0.145000
1 0.277500 0.151250 0.088333 0.102500
3 0.218333 0.496250 0.086667 0.087500
0 0.757500 0.445000 0.065000 0.110000
2 0.759167 0.100000 0.111667 0.165000
2 0.456667 0.950000 0.030000 0.055000
1 0.883333 0.506250 0.073333 0.107500
1 0.255000 0.532500 0.083333 0.175000
0 0.860833 0.335000 0.128333 0.150000
1 0.798333 0.188750 0.043333 0.067500
2 0.440000 0.571250 0.080000 0.082500
0 0.535000 0.423750 0.060000 0.087500
2 0.403333 0.412500 0.063333 0.060000
3 0.118333 0.333750 0.116667 0.137500
3 0.793333 0.553750 0.110000 0.122500
0 0.935000 0.722500 0.066667 0.085000
1 0.785833 0.052500 0.085000 0.105000
1 0.137500 0.453750 0.055000 0.102500
2 0.418333 0.100000 0.086667 0.165000
2 0.260833 0.215000 0.128333 0.215000
1 0.119167 0.360000 0.135000 0.195000
3 0.760833 0.568750 0.085000 0.117500
3 0.601667 0.550000 0.030000 0.070000
2 0.896667 0.660000 0.070000 0.055000
3 0.205000 0.117500 0.106667 0.080000
0 0.640000 0.436250 0.100000 0.147500
0 0.466667 0.095000 0.093333 0.105000
2 0.272500 0.447500 0.105000 0.150000
2 0.460833 0.102500 0.118333 0.115000
3 0.255000 0.447500 0.043333 0.085000
1 0.060000 0.880000 0.056667 0.090000
0 0.305000 0.846250 0.046667 0.102500
0 0.952500 0.448750 0.045000 0.072500
3 0.858333 0.281250 0.103333 0.137500
2 0.732500 0.750000 0.078333 0.080000
0 0.659167 0.831250 0.068333 0.082500
1 0.691667 0.696250 0.050000 0.057500
3 0.540000 0.350000 0.100000 0.085000
