2 0.080833 0.038750 0.075000 0.057500
0 0.511667 0.576250 0.153333 0.187500
0 0.315833 0.568750 0.095000 0.167500
2 0.758333 0.382500 0.100000 0.165000
1 0.424167 0.693750 0.041667 0.072500
2 0.050000 0.613750 0.030000 0.082500
2 0.817500 0.277500 0.091667 0.095000
2 0.192500 0.713750 0.135000 0.212500
3 0.615833 0.432500 0.055000 0.170000
0 0.153333 0.687500 0.066667 0.100000
2 0.334167 0.423750 0.135000 0.242500
0 0.408333 0.440000 0.130000 0.185000
2 0.305000 0.716250 0.033333 0.077500
3 0.445000 0.260000 0.073333 0.185000
2 0.255000 0.471250 0.033333 0.082500
2 0.825833 0.500000 0.035000 0.050000
1 0.685833 0.265000 0.145000 0.220000
1 0.853333 0.457500 0.126667 0.210000
3 0.457500 0.375000 0.055000 0.140000
0 0.183333 0.562500 0.153333 0.240000
3 0.504167 0.182500 0.031667 0.050000
0 0.241667 0.631250 0.103333 0.152500
3 0.841667 0.291250 0.100000 0.162500
1 0.047500 0.110000 0.051667 0.065000
3 0.278333 0.447500 0.196667 0.290000
0 0.320000 0.678750 0.130000 0.212500
1 0.425000 0.173750 0.126667 0.187500
