0 0.142500 0.933750 0.058333 0.097500
0 0.958333 0.280000 0.036667 0.060000
0 0.480000 0.386250 0.116667 0.197500
0 0.357500 0.555000 0.155000 0.255000
3 0.436667 0.075000 0.073333 0.090000
2 0.438333 0.672500 0.103333 0.145000
3 0.231667 0.750000 0.080000 0.080000
0 0.119167 0.861250 0.075000 0.112500
3 0.599167 0.216250 0.025000 0.082500
1 0.404167 0.170000 0.091667 0.105000
0 0.277500 0.093750 0.108333 0.162500
2 0.744167 0.425000 0.075000 0.085000
0 0.531667 0.323750 0.156667 0.242500
0 0.460833 0.617500 0.101667 0.180000
0 0.729167 0.770000 0.165000 0.265000
2 0.335833 0.745000 0.068333 0.125000
0 0.869167 0.716250 0.141667 0.212500
1 0.768333 0.142500 0.063333 0.150000
2 0.373333 0.187500 0.050000 0.100000
3 0.440833 0.332500 0.111667 0.110000
0 0.761667 0.467500 0.163333 0.280000
0 0.285000 0.296250 0.070000 0.107500
0 0.399167 0.857500 0.108333 0.145000
3 0.196667 0.143750 0.020000 0.042500
2 0.144167 0.515000 0.088333 0.170000
0 0.745833 0.400000 0.148333 0.225000
3 0.279167 0.851250 0.068333 0.097500
0 0.460000 0.681250 0.150000 0.192500
3 0.182500 0.668750 0.071667 0.072500
2 0.134167 0.376250 0.115000 0.172500
0 0.160833 0.700000 0.115000 0.190000
0 0.265833 0.452500 0.135000 0.170000
1 0.844167 0.952500 0.021667 0.050000
0 0.357500 0.810000 0.115000 0.225000
0 0.646667 0.055000 0.060000 0.075000
0 0.862500 0.463750 0.051667 0.067500
0 0.472500 0.546250 0.078333 0.097500
