1 0.645833 0.880000 0.081667 0.115000
3 0.370833 0.801250 0.061667 0.182500
1 0.458333 0.067500 0.046667 0.055000
0 0.105833 0.776250 0.131667 0.202500
3 0.624167 0.092500 0.065000 0.090000
1 0.511667 0.643750 0.043333 0.092500
2 0.339167 0.236250 0.251667 0.277500
0 0.318333 0.878750 0.086667 0.127500
3 0.390000 0.458750 0.056667 0.147500
1 0.369167 0.748750 0.095000 0.177500
0 0.746667 0.693750 0.096667 0.117500
0 0.544167 0.141250 0.131667 0.227500
0 0.754167 0.828750 0.095000 0.172500
0 0.234167 0.266250 0.035000 0.057500
2 0.435833 0.658750 0.265000 0.277500
3 0.122500 0.262500 0.021667 0.050000
3 0.845833 0.048750 0.021667 0.067500
3 0.917500 0.557500 0.075000 0.120000
3 0.073333 0.138750 0.096667 0.107500
3 0.637500 0.080000 0.075000 0.075000
1 0.194167 0.218750 0.071667 0.102500
3 0.067500 0.293750 0.025000 0.087500
3 0.780833 0.483750 0.068333 0.142500
1 0.760000 0.328750 0.070000 0.082500
0 0.654167 0.626250 0.105000 0.167500
1 0.787500 0.155000 0.125000 0.155000
0 0.635833 0.507500 0.028333 0.055000
1 0.250000 0.938750 0.043333 0.057500
