0 0.073333 0.640000 0.060000 0.120000
1 0.398333 0.293750 0.056667 0.162500
0 0.819167 0.093750 0.078333 0.122500
2 0.305000 0.498750 0.140000 0.162500
1 0.921667 0.615000 0.036667 0.040000
0 0.171667 0.832500 0.050000 0.095000
2 0.697500 0.303750 0.081667 0.117500
0 0.517500 0.762500 0.201667 0.240000
3 0.664167 0.657500 0.048333 0.165000
0 0.801667 0.307500 0.076667 0.120000
1 0.314167 0.512500 0.145000 0.195000
0 0.903333 0.063750 0.076667 0.112500
0 0.325833 0.822500 0.108333 0.165000
1 0.535000 0.675000 0.026667 0.065000
1 0.550000 0.237500 0.103333 0.140000
0 0.420833 0.757500 0.145000 0.170000
3 0.236667 0.116250 0.060000 0.187500
3 0.439167 0.848750 0.038333 0.057500
1 0.476667 0.358750 0.036667 0.047500
1 0.270000 0.361250 0.093333 0.117500
0 0.878333 0.680000 0.113333 0.225000
0 0.346667 0.736250 0.073333 0.102500
1 0.677500 0.340000 0.078333 0.095000
3 0.270833 0.677500 0.095000 0.165000
1 0.511667 0.338750 0.080000 0.167500
2 0.443333 0.327500 0.093333 0.115000
1 0.475833 0.715000 0.041667 0.065000
1 0.466667 0.727500 0.150000 0.200000
3 0.225000 0.716250 0.096667 0.092500
2 0.744167 0.210000 0.055000 0.090000
3 0.794167 0.108750 0.068333 0.077500
3 0.285833 0.212500 0.038333 0.035000
0 0.644167 0.805000 0.051667 0.080000
2 0.910000 0.603750 0.083333 0.087500
2 0.084167 0.733750 0.028333 0.052500
3 0.575000 0.828750 0.063333 0.132500
3 0.754167 0.816250 0.018333 0.052500
3 0.262500 0.595000 0.051667 0.045000
1 0.312500 0.906250 0.051667 0.052500
3 0.909167 0.261250 0.048333 0.122500
2 0.645000 0.116250 0.103333 0.127500
