0 0.717500 0.916250 0.075000 0.112500
3 0.584167 0.683750 0.068333 0.082500
0 0.500833 0.336250 0.145000 0.222500
2 0.827500 0.320000 0.125000 0.160000
2 0.875833 0.833750 0.035000 0.127500
2 0.919167 0.147500 0.038333 0.030000
2 0.509167 0.173750 0.031667 0.062500
2 0.557500 0.601250 0.088333 0.132500
3 0.318333 0.317500 0.046667 0.160000
1 0.099167 0.480000 0.091667 0.100000
0 0.380000 0.100000 0.130000 0.160000
1 0.510833 0.702500 0.078333 0.090000
1 0.480000 0.516250 0.030000 0.062500
0 0.681667 0.717500 0.036667 0.050000
0 0.920833 0.700000 0.111667 0.160000
0 0.128333 0.206250 0.116667 0.132500
2 0.335000 0.771250 0.123333 0.147500
3 0.840000 0.386250 0.096667 0.087500
3 0.753333 0.666250 0.030000 0.022500
3 0.679167 0.273750 0.085000 0.087500
0 0.323333 0.817500 0.163333 0.240000
3 0.378333 0.392500 0.046667 0.120000
2 0.185000 0.848750 0.113333 0.122500
1 0.884167 0.142500 0.121667 0.175000
2 0.918333 0.548750 0.063333 0.097500
2 0.611667 0.666250 0.140000 0.187500
2 0.882500 0.291250 0.228333 0.327500
3 0.265000 0.345000 0.130000 0.125000
1 0.782500 0.672500 0.128333 0.195000
0 0.166667 0.555000 0.036667 0.075000
3 0.751667 0.596250 0.110000 0.112500
1 0.884167 0.261250 0.081667 0.132500
1 0.177500 0.867500 0.068333 0.120000
1 0.567500 0.708750 0.065000 0.072500
3 0.761667 0.306250 0.103333 0.097500
3 0.841667 0.502500 0.140000 0.235000
2 0.829167 0.830000 0.038333 0.070000
2 0.852500 0.231250 0.091667 0.192500
1 0.170833 0.378750 0.088333 0.097500
3 0.842500 0.648750 0.058333 0.042500
3 0.386667 0.808750 0.060000 0.077500
2 0.553333 0.868750 0.076667 0.177500
2 0.965000 0.841250 0.040000 0.062500
1 0.564167 0.660000 0.061667 0.055000
1 0.275000 0.461250 0.086667 0.142500
