0 0.285833 0.762500 0.098333 0.240000
0 0.410000 0.242500 0.140000 0.200000
1 0.263333 0.868750 0.066667 0.117500
1 0.850000 0.131250 0.040000 0.082500
3 0.339167 0.342500 0.045000 0.045000
1 0.827500 0.536250 0.141667 0.212500
2 0.377500 0.250000 0.068333 0.105000
1 0.219167 0.491250 0.041667 0.072500
1 0.869167 0.342500 0.105000 0.180000
1 0.865000 0.626250 0.126667 0.207500
1 0.094167 0.213750 0.151667 0.197500
2 0.043333 0.400000 0.056667 0.070000
1 0.095833 0.117500 0.045000 0.065000
0 0.817500 0.632500 0.065000 0.110000
3 0.843333 0.232500 0.023333 0.035000
3 0.522500 0.077500 0.111667 0.150000
3 0.388333 0.298750 0.126667 0.147500
3 0.600000 0.377500 0.086667 0.080000
1 0.358333 0.847500 0.100000 0.145000
2 0.565833 0.340000 0.065000 0.130000
3 0.387500 0.706250 0.095000 0.097500
0 0.665833 0.292500 0.005000 0.275000
0 0.934167 0.386250 0.031667 0.047500
3 0.037500 0.371250 0.038333 0.047500
0 0.782500 0.323750 0.138333 0.222500
2 0.891667 0.218750 0.133333 0.187500
0 0.290833 0.292500 0.105000 0.165000
1 0.652500 0.432500 0.071667 0.115000
1 0.308333 0.730000 0.103333 0.130000
3 0.511667 0.643750 0.046667 0.047500
2 0.151667 0.466250 0.060000 0.147500
3 0.644167 0.572500 0.101667 0.185000
1 0.254167 0.393750 0.025000 0.057500
3 0.534167 0.781250 0.071667 0.112500
3 0.371667 0.271250 0.080000 0.162500
0 0.841667 0.171250 0.076667 0.127500
2 0.902500 0.242500 0.051667 0.065000
0 0.347500 0.200000 0.115000 0.165000
1 0.675833 0.652500 0.088333 0.160000
0 0.406667 0.282500 0.063333 0.090000
