3 0.283333 0.873750 0.053333 0.062500
3 0.472500 0.697500 0.031667 0.040000
2 0.270000 0.735000 0.100000 0.135000
2 0.549167 0.665000 0.055000 0.060000
2 0.156667 0.672500 0.073333 0.170000
2 0.850833 0.891250 0.038333 0.097500
3 0.460000 0.543750 0.066667 0.062500
1 0.489167 0.720000 0.071667 0.120000
0 0.417500 0.316250 0.111667 0.162500
2 0.658333 0.458750 0.126667 0.177500
0 0.331667 0.895000 0.073333 0.120000
1 0.647500 0.862500 0.071667 0.100000
3 0.633333 0.932500 0.050000 0.065000
0 0.370833 0.093750 0.051667 0.082500
3 0.493333 0.873750 0.050000 0.067500
3 0.348333 0.862500 0.060000 0.090000
3 0.164167 0.518750 0.125000 0.087500
0 0.270833 0.597500 0.035000 0.055000
