0 0.401667 0.697500 0.046667 0.080000
2 0.282500 0.638750 0.038333 0.052500
3 0.773333 0.861250 0.040000 0.032500
3 0.469167 0.431250 0.095000 0.072500
0 0.152500 0.451250 0.078333 0.177500
3 0.312500 0.711250 0.048333 0.072500
0 0.051667 0.508750 0.060000 0.092500
0 0.025000 0.105000 0.043333 0.070000
0 0.296667 0.756250 0.140000 0.212500
0 0.742500 0.093750 0.068333 0.097500
0 0.376667 0.508750 0.133333 0.177500
2 0.163333 0.620000 0.050000 0.075000
0 0.137500 0.296250 0.005000 0.242500
0 0.695833 0.302500 0.081667 0.130000
3 0.807500 0.172500 0.061667 0.095000
1 0.521667 0.695000 0.056667 0.140000
2 0.498333 0.480000 0.116667 0.180000
1 0.635833 0.282500 0.081667 0.090000
2 0.905000 0.105000 0.140000 0.145000
2 0.310833 0.375000 0.078333 0.110000
2 0.211667 0.382500 0.166667 0.245000
0 0.121667 0.573750 0.063333 0.097500
3 0.404167 0.611250 0.081667 0.157500
3 0.100833 0.251250 0.038333 0.127500
0 0.222500 0.431250 0.121667 0.147500
0 0.525000 0.363750 0.130000 0.257500
2 0.858333 0.410000 0.073333 0.150000
0 0.190833 0.407500 0.088333 0.140000
1 0.822500 0.092500 0.045000 0.055000
3 0.519167 0.190000 0.078333 0.075000
3 0.060833 0.112500 0.071667 0.160000
2 0.221667 0.586250 0.083333 0.172500
2 0.704167 0.173750 0.085000 0.082500
1 0.225833 0.461250 0.151667 0.172500
1 0.857500 0.322500 0.078333 0.160000
