3 0.120000 0.196250 0.060000 0.137500
2 0.430833 0.107500 0.105000 0.105000
1 0.208333 0.822500 0.070000 0.125000
1 0.485000 0.763750 0.136667 0.187500
2 0.240833 0.232500 0.048333 0.080000
3 0.055000 0.733750 0.026667 0.097500
2 0.610000 0.706250 0.043333 0.072500
3 0.436667 0.168750 0.096667 0.162500
3 0.515833 0.166250 0.101667 0.112500
1 0.815000 0.731250 0.093333 0.212500
1 0.968333 0.952500 0.030000 0.045000
1 0.351667 0.116250 0.080000 0.097500
1 0.840000 0.295000 0.060000 0.065000
0 0.738333 0.781250 0.033333 0.052500
3 0.222500 0.332500 0.071667 0.065000
2 0.083333 0.687500 0.133333 0.105000
2 0.270000 0.813750 0.083333 0.117500
0 0.918333 0.192500 0.040000 0.070000
2 0.600833 0.141250 0.171667 0.282500
2 0.453333 0.570000 0.143333 0.205000
0 0.201667 0.323750 0.040000 0.062500
0 0.771667 0.373750 0.076667 0.122500
2 0.753333 0.736250 0.143333 0.162500
0 0.717500 0.095000 0.038333 0.070000
3 0.376667 0.268750 0.056667 0.067500
3 0.450833 0.742500 0.015000 0.055000
3 0.475833 0.246250 0.048333 0.087500
2 0.870000 0.771250 0.113333 0.192500
1 0.938333 0.816250 0.030000 0.037500
0 0.517500 0.473750 0.191667 0.227500
0 0.337500 0.277500 0.125000 0.145000
1 0.310000 0.821250 0.040000 0.087500
2 0.678333 0.250000 0.133333 0.185000
3 0.320000 0.157500 0.033333 0.085000
0 0.467500 0.602500 0.088333 0.160000
2 0.070000 0.810000 0.096667 0.140000
2 0.280833 0.371250 0.118333 0.227500
1 0.343333 0.070000 0.030000 0.045000
3 0.580000 0.365000 0.093333 0.160000
1 0.710833 0.187500 0.115000 0.130000
2 0.409167 0.248750 0.121667 0.197500
2 0.650833 0.528750 0.075000 0.112500
1 0.369167 0.703750 0.111667 0.197500
0 0.940000 0.426250 0.093333 0.157500
