3 0.251667 0.297500 0.093333 0.150000
2 0.605833 0.082500 0.068333 0.105000
0 0.418333 0.370000 0.046667 0.100000
2 0.245833 0.206250 0.245000 0.262500
0 0.359167 0.615000 0.071667 0.080000
3 0.508333 0.521250 0.103333 0.117500
3 0.327500 0.138750 0.035000 0.107500
3 0.155000 0.147500 0.040000 0.075000
3 0.935000 0.713750 0.063333 0.052500
1 0.666667 0.906250 0.080000 0.147500
3 0.626667 0.307500 0.030000 0.025000
2 0.259167 0.591250 0.118333 0.177500
2 0.335833 0.913750 0.078333 0.127500
1 0.261667 0.555000 0.123333 0.140000
1 0.295833 0.143750 0.038333 0.047500
0 0.166667 0.371250 0.153333 0.267500
1 0.145833 0.603750 0.055000 0.067500
0 0.190000 0.687500 0.110000 0.200000
0 0.408333 0.132500 0.066667 0.100000
2 0.774167 0.767500 0.105000 0.130000
2 0.480833 0.052500 0.075000 0.055000
1 0.560000 0.427500 0.063333 0.120000
2 0.930000 0.733750 0.100000 0.137500
1 0.865000 0.281250 0.030000 0.082500
0 0.627500 0.437500 0.138333 0.240000
2 0.320833 0.230000 0.038333 0.115000
1 0.792500 0.460000 0.045000 0.130000
1 0.506667 0.296250 0.110000 0.217500
