1 0.145833 0.233750 0.291667 0.272500
3 0.775833 0.278750 0.075000 0.127500
1 0.745833 0.895000 0.075000 0.130000
0 0.181667 0.332500 0.066667 0.135000
3 0.693333 0.596250 0.060000 0.122500
2 0.500833 0.810000 0.105000 0.255000
3 0.455000 0.643750 0.116667 0.102500
1 0.612500 0.273750 0.055000 0.067500
3 0.340833 0.257500 0.015000 0.035000
1 0.704167 0.156250 0.068333 0.112500
0 0.356667 0.353750 0.160000 0.237500
2 0.484167 0.372500 0.048333 0.075000
2 0.241667 0.787500 0.110000 0.220000
2 0.272500 0.656250 0.028333 0.042500
0 0.526667 0.626250 0.136667 0.197500
2 0.077500 0.746250 0.045000 0.072500
3 0.600000 0.658750 0.086667 0.147500
3 0.780000 0.122500 0.050000 0.050000
2 0.450000 0.600000 0.066667 0.105000
3 0.354167 0.495000 0.081667 0.070000
3 0.715833 0.577500 0.071667 0.170000
