3 0.490000 0.475000 0.120000 0.165000
1 0.075833 0.811250 0.105000 0.147500
1 0.646667 0.266250 0.033333 0.037500
1 0.925833 0.716250 0.078333 0.132500
1 0.264167 0.707500 0.105000 0.170000
2 0.154167 0.130000 0.101667 0.135000
3 0.520000 0.255000 0.016667 0.050000
0 0.529167 0.805000 0.045000 0.065000
0 0.438333 0.447500 0.156667 0.235000
2 0.595000 0.370000 0.153333 0.205000
1 0.490000 0.443750 0.066667 0.082500
2 0.039167 0.491250 0.075000 0.112500
3 0.462500 0.226250 0.055000 0.132500
1 0.772500 0.420000 0.055000 0.105000
2 0.794167 0.947500 0.035000 0.030000
0 0.560833 0.806250 0.238333 0.282500
1 0.660000 0.787500 0.090000 0.135000
0 0.824167 0.128750 0.098333 0.142500
1 0.527500 0.670000 0.041667 0.050000
2 0.127500 0.297500 0.058333 0.205000
0 0.856667 0.433750 0.080000 0.127500
2 0.207500 0.498750 0.111667 0.182500
3 0.317500 0.566250 0.058333 0.047500
3 0.327500 0.447500 0.035000 0.060000
3 0.709167 0.230000 0.058333 0.110000
1 0.295000 0.093750 0.050000 0.062500
2 0.188333 0.461250 0.133333 0.212500
0 0.044167 0.320000 0.051667 0.070000
0 0.281667 0.785000 0.113333 0.200000
0 0.411667 0.725000 0.040000 0.080000
1 0.179167 0.025000 0.031667 0.040000
1 0.834167 0.916250 0.038333 0.077500
1 0.653333 0.318750 0.086667 0.162500
2 0.713333 0.680000 0.123333 0.185000
1 0.158333 0.632500 0.103333 0.190000
0 0.920833 0.631250 0.088333 0.187500
2 0.209167 0.271250 0.005000 0.102500
0 0.401667 0.598750 0.123333 0.182500
