1 0.168333 0.391250 0.110000 0.132500
2 0.055833 0.277500 0.041667 0.105000
0 0.847500 0.726250 0.051667 0.072500
3 0.954167 0.460000 0.055000 0.035000
0 0.810000 0.087500 0.096667 0.145000
2 0.544167 0.652500 0.071667 0.090000
3 0.087500 0.282500 0.041667 0.080000
1 0.455000 0.841250 0.056667 0.072500
2 0.190833 0.773750 0.078333 0.187500
2 0.057500 0.596250 0.095000 0.137500
3 0.208333 0.833750 0.033333 0.032500
0 0.390833 0.168750 0.088333 0.202500
0 0.869167 0.466250 0.125000 0.177500
3 0.490000 0.841250 0.053333 0.072500
2 0.573333 0.167500 0.106667 0.080000
3 0.693333 0.927500 0.040000 0.075000
1 0.150000 0.905000 0.043333 0.065000
0 0.749167 0.140000 0.125000 0.240000
1 0.646667 0.808750 0.220000 0.247500
0 0.177500 0.635000 0.098333 0.200000
1 0.120833 0.827500 0.088333 0.195000
3 0.276667 0.896250 0.033333 0.067500
1 0.664167 0.583750 0.068333 0.092500
3 0.430000 0.328750 0.086667 0.097500
0 0.888333 0.856250 0.060000 0.117500
3 0.950000 0.898750 0.030000 0.027500
1 0.082500 0.368750 0.138333 0.182500
