3 0.285000 0.895000 0.060000 0.090000
3 0.791667 0.387500 0.086667 0.110000
2 0.899167 0.833750 0.101667 0.107500
0 0.447500 0.336250 0.088333 0.122500
1 0.624167 0.258750 0.105000 0.132500
0 0.419167 0.912500 0.081667 0.130000
0 0.847500 0.178750 0.171667 0.262500
3 0.518333 0.236250 0.123333 0.112500
2 0.257500 0.933750 0.051667 0.047500
3 0.845833 0.138750 0.038333 0.097500
1 0.798333 0.641250 0.033333 0.067500
2 0.031667 0.682500 0.056667 0.080000
0 0.288333 0.157500 0.070000 0.130000
0 0.735000 0.198750 0.120000 0.162500
0 0.495000 0.036250 0.046667 0.057500
2 0.561667 0.517500 0.146667 0.240000
1 0.935000 0.575000 0.076667 0.125000
0 0.902500 0.513750 0.048333 0.067500
1 0.905833 0.328750 0.088333 0.137500
3 0.687500 0.397500 0.025000 0.030000
2 0.817500 0.447500 0.068333 0.075000
1 0.475000 0.583750 0.040000 0.067500
3 0.759167 0.322500 0.055000 0.050000
0 0.648333 0.755000 0.050000 0.075000
0 0.791667 0.842500 0.223333 0.310000
0 0.304167 0.743750 0.141667 0.212500
1 0.225833 0.342500 0.105000 0.230000
0 0.266667 0.242500 0.136667 0.220000
3 0.185833 0.276250 0.061667 0.082500
3 0.485833 0.507500 0.088333 0.150000
3 0.465000 0.216250 0.016667 0.042500
2 0.345833 0.660000 0.075000 0.060000
2 0.230833 0.836250 0.068333 0.152500
1 0.620833 0.503750 0.098333 0.177500
1 0.580833 0.861250 0.071667 0.082500
2 0.430833 0.795000 0.091667 0.135000
1 0.511667 0.075000 0.086667 0.110000
2 0.621667 0.650000 0.080000 0.235000
0 0.808333 0.566250 0.073333 0.092500
3 0.388333 0.655000 0.040000 0.100000
3 0.508333 0.122500 0.053333 0.080000
1 0.785000 0.717500 0.103333 0.195000
3 0.864167 0.402500 0.065000 0.165000
3 0.924167 0.261250 0.035000 0.057500
