1 0.835000 0.281250 0.070000 0.152500
2 0.634167 0.680000 0.131667 0.205000
3 0.245833 0.380000 0.088333 0.160000
3 0.860833 0.667500 0.085000 0.120000
0 0.320833 0.475000 0.151667 0.250000
0 0.403333 0.498750 0.133333 0.242500
3 0.135833 0.482500 0.058333 0.045000
0 0.511667 0.567500 0.076667 0.140000
2 0.060000 0.215000 0.060000 0.060000
1 0.410000 0.197500 0.076667 0.090000
1 0.061667 0.307500 0.080000 0.130000
1 0.750833 0.098750 0.125000 0.142500
1 0.367500 0.323750 0.031667 0.057500
1 0.309167 0.076250 0.128333 0.142500
3 0.780000 0.565000 0.036667 0.040000
1 0.545000 0.568750 0.066667 0.082500
1 0.622500 0.127500 0.091667 0.150000
2 0.403333 0.111250 0.123333 0.177500
0 0.550833 0.402500 0.088333 0.130000
2 0.401667 0.735000 0.120000 0.135000
0 0.076667 0.161250 0.093333 0.147500
3 0.659167 0.512500 0.025000 0.045000
0 0.665833 0.781250 0.101667 0.147500
3 0.353333 0.465000 0.076667 0.090000
3 0.912500 0.647500 0.041667 0.100000
3 0.872500 0.131250 0.051667 0.057500
0 0.769167 0.647500 0.071667 0.095000
2 0.655000 0.685000 0.083333 0.070000
2 0.815833 0.217500 0.048333 0.075000
0 0.545833 0.136250 0.145000 0.217500
0 0.165833 0.256250 0.068333 0.107500
1 0.840833 0.708750 0.091667 0.117500
1 0.681667 0.656250 0.090000 0.112500
3 0.210833 0.245000 0.098333 0.105000
0 0.666667 0.496250 0.046667 0.092500
