3 0.267500 0.336250 0.055000 0.037500
0 0.745000 0.415000 0.103333 0.120000
1 0.742500 0.663750 0.055000 0.097500
2 0.046667 0.726250 0.036667 0.027500
3 0.233333 0.061250 0.053333 0.102500
2 0.506667 0.215000 0.106667 0.170000
0 0.603333 0.540000 0.106667 0.160000
2 0.961667 0.828750 0.040000 0.057500
2 0.581667 0.602500 0.113333 0.215000
1 0.521667 0.838750 0.083333 0.092500
3 0.895833 0.788750 0.085000 0.097500
3 0.115000 0.412500 0.126667 0.125000
2 0.973333 0.312500 0.010000 0.230000
2 0.241667 0.186250 0.056667 0.102500
