1 0.697500 0.502500 0.041667 0.050000
1 0.941667 0.311250 0.030000 0.067500
3 0.728333 0.847500 0.026667 0.025000
2 0.865000 0.720000 0.116667 0.170000
2 0.211667 0.268750 0.030000 0.032500
1 0.520833 0.061250 0.055000 0.067500
3 0.799167 0.225000 0.098333 0.075000
1 0.630000 0.172500 0.280000 0.260000
2 0.834167 0.680000 0.105000 0.170000
3 0.238333 0.138750 0.093333 0.182500
3 0.634167 0.262500 0.068333 0.140000
1 0.443333 0.573750 0.133333 0.162500
1 0.628333 0.471250 0.036667 0.062500
1 0.813333 0.207500 0.070000 0.130000
0 0.678333 0.445000 0.066667 0.110000
