0 0.578333 0.457500 0.063333 0.095000
0 0.655833 0.412500 0.095000 0.140000
1 0.162500 0.260000 0.091667 0.180000
1 0.077500 0.712500 0.031667 0.055000
1 0.318333 0.171250 0.046667 0.072500
1 0.747500 0.163750 0.061667 0.112500
0 0.350833 0.531250 0.055000 0.082500
2 0.785000 0.697500 0.003333 0.150000
2 0.685833 0.722500 0.058333 0.075000
3 0.634167 0.326250 0.098333 0.062500
0 0.625833 0.243750 0.055000 0.062500
1 0.725000 0.241250 0.060000 0.087500
3 0.492500 0.308750 0.061667 0.067500
0 0.593333 0.638750 0.036667 0.047500
1 0.700000 0.398750 0.006667 0.002500
1 0.095000 0.096250 0.090000 0.107500
0 0.494167 0.238750 0.108333 0.197500
0 0.761667 0.855000 0.063333 0.085000
1 0.294167 0.833750 0.115000 0.112500
3 0.326667 0.171250 0.046667 0.042500
0 0.448333 0.608750 0.090000 0.142500
0 0.458333 0.336250 0.036667 0.057500
0 0.755833 0.182500 0.051667 0.080000
2 0.820833 0.111250 0.138333 0.152500
2 0.570000 0.188750 0.030000 0.052500
3 0.856667 0.660000 0.053333 0.105000
0 0.414167 0.555000 0.121667 0.210000
3 0.361667 0.895000 0.036667 0.090000
