3 0.257500 0.386250 0.051667 0.137500
1 0.494167 0.231250 0.128333 0.162500
2 0.552500 0.558750 0.038333 0.047500
0 0.707500 0.871250 0.135000 0.157500
3 0.764167 0.827500 0.208333 0.225000
2 0.315833 0.585000 0.128333 0.130000
3 0.897500 0.186250 0.028333 0.042500
3 0.249167 0.312500 0.081667 0.070000
0 0.924167 0.685000 0.061667 0.105000
2 0.127500 0.360000 0.108333 0.190000
0 0.509167 0.201250 0.118333 0.182500
0 0.811667 0.756250 0.173333 0.262500
0 0.857500 0.531250 0.135000 0.197500
0 0.259167 0.456250 0.171667 0.262500
1 0.742500 0.928750 0.048333 0.077500
0 0.141667 0.782500 0.130000 0.195000
3 0.735000 0.286250 0.093333 0.082500
1 0.766667 0.100000 0.026667 0.030000
3 0.702500 0.722500 0.035000 0.065000
3 0.119167 0.752500 0.208333 0.225000
0 0.925000 0.502500 0.103333 0.155000
0 0.525833 0.560000 0.105000 0.160000
3 0.290000 0.193750 0.070000 0.137500
1 0.200833 0.393750 0.071667 0.137500
0 0.135833 0.490000 0.051667 0.080000
1 0.501667 0.243750 0.063333 0.132500
2 0.870833 0.828750 0.078333 0.107500
2 0.668333 0.917500 0.080000 0.095000
3 0.453333 0.140000 0.110000 0.100000
0 0.678333 0.307500 0.100000 0.155000
1 0.717500 0.342500 0.048333 0.110000
2 0.866667 0.267500 0.086667 0.080000
3 0.773333 0.505000 0.110000 0.130000
3 0.524167 0.221250 0.071667 0.082500
0 0.768333 0.168750 0.046667 0.092500
3 0.466667 0.270000 0.203333 0.300000
3 0.510000 0.373750 0.040000 0.127500
1 0.573333 0.370000 0.103333 0.120000
0 0.185833 0.230000 0.095000 0.150000
2 0.764167 0.398750 0.151667 0.217500
1 0.235833 0.193750 0.115000 0.107500
3 0.760833 0.111250 0.088333 0.087500
0 0.458333 0.110000 0.060000 0.090000
0 0.832500 0.481250 0.088333 0.147500
1 0.874167 0.573750 0.105000 0.142500
2 0.429167 0.322500 0.051667 0.065000
3 0.797500 0.768750 0.085000 0.157500
