0 0.261667 0.520000 0.050000 0.075000
1 0.176667 0.891250 0.063333 0.067500
0 0.542500 0.588750 0.125000 0.197500
0 0.394167 0.131250 0.108333 0.162500
1 0.293333 0.551250 0.100000 0.137500
2 0.380000 0.691250 0.066667 0.127500
3 0.169167 0.221250 0.111667 0.192500
3 0.649167 0.236250 0.105000 0.162500
1 0.851667 0.370000 0.160000 0.180000
3 0.098333 0.318750 0.086667 0.107500
2 0.489167 0.785000 0.055000 0.110000
3 0.357500 0.373750 0.068333 0.112500
0 0.255833 0.786250 0.058333 0.087500
0 0.280833 0.643750 0.095000 0.152500
3 0.639167 0.085000 0.078333 0.070000
0 0.399167 0.128750 0.068333 0.107500
0 0.800833 0.612500 0.065000 0.080000
0 0.745000 0.357500 0.160000 0.200000
2 0.206667 0.158750 0.096667 0.147500
2 0.204167 0.895000 0.035000 0.070000
2 0.317500 0.550000 0.065000 0.060000
3 0.035000 0.577500 0.066667 0.080000
2 0.408333 0.481250 0.060000 0.252500
2 0.786667 0.870000 0.046667 0.075000
3 0.066667 0.277500 0.050000 0.130000
3 0.250000 0.103750 0.103333 0.117500
3 0.766667 0.185000 0.116667 0.120000
1 0.695000 0.718750 0.043333 0.047500
2 0.731667 0.705000 0.113333 0.145000
0 0.695833 0.565000 0.075000 0.180000
2 0.206667 0.666250 0.046667 0.067500
1 0.170833 0.797500 0.085000 0.120000
2 0.194167 0.108750 0.165000 0.177500
3 0.194167 0.512500 0.071667 0.195000
1 0.802500 0.853750 0.118333 0.142500
2 0.350000 0.418750 0.090000 0.122500
2 0.591667 0.181250 0.130000 0.192500
1 0.606667 0.536250 0.060000 0.107500
1 0.836667 0.316250 0.076667 0.087500
3 0.870000 0.666250 0.080000 0.192500
3 0.331667 0.230000 0.020000 0.035000
1 0.085833 0.050000 0.081667 0.095000
1 0.716667 0.885000 0.060000 0.075000
2 0.571667 0.641250 0.073333 0.077500
0 0.760000 0.225000 0.076667 0.090000
2 0.208333 0.443750 0.040000 0.057500
0 0.202500 0.606250 0.101667 0.152500
1 0.800000 0.130000 0.093333 0.095000
0 0.829167 0.872500 0.131667 0.195000
