0 0.558333 0.267500 0.116667 0.165000
2 0.828333 0.167500 0.130000 0.115000
0 0.425833 0.241250 0.045000 0.052500
0 0.120833 0.632500 0.058333 0.090000
0 0.375000 0.441250 0.116667 0.262500
3 0.504167 0.616250 0.068333 0.057500
1 0.584167 0.771250 0.078333 0.097500
0 0.637500 0.576250 0.081667 0.187500
1 0.693333 0.107500 0.063333 0.070000
0 0.849167 0.248750 0.178333 0.252500
0 0.510000 0.885000 0.070000 0.120000
1 0.360000 0.541250 0.146667 0.187500
1 0.317500 0.845000 0.075000 0.145000
3 0.231667 0.313750 0.110000 0.167500
1 0.096667 0.921250 0.060000 0.072500
3 0.902500 0.723750 0.075000 0.107500
3 0.647500 0.903750 0.035000 0.042500
1 0.074167 0.787500 0.068333 0.085000
0 0.140000 0.606250 0.130000 0.262500
2 0.213333 0.295000 0.103333 0.195000
2 0.608333 0.467500 0.050000 0.150000
1 0.890000 0.156250 0.033333 0.047500
1 0.130000 0.682500 0.086667 0.075000
0 0.155000 0.278750 0.056667 0.077500
0 0.764167 0.846250 0.058333 0.087500
3 0.702500 0.075000 0.045000 0.105000
3 0.548333 0.740000 0.033333 0.055000
3 0.529167 0.611250 0.201667 0.297500
3 0.207500 0.100000 0.058333 0.085000
3 0.145833 0.582500 0.085000 0.175000
2 0.541667 0.240000 0.033333 0.025000
3 0.105833 0.280000 0.075000 0.115000
0 0.165000 0.166250 0.133333 0.192500
1 0.304167 0.138750 0.045000 0.072500
3 0.113333 0.616250 0.126667 0.157500
1 0.627500 0.166250 0.108333 0.162500
3 0.144167 0.148750 0.061667 0.157500
0 0.336667 0.401250 0.093333 0.142500
2 0.665000 0.517500 0.063333 0.060000
3 0.154167 0.408750 0.041667 0.097500
3 0.285000 0.275000 0.050000 0.055000
3 0.470833 0.300000 0.031667 0.030000
0 0.399167 0.898750 0.088333 0.122500
1 0.596667 0.603750 0.143333 0.177500
2 0.020833 0.032500 0.031667 0.025000
