2 0.140000 0.212500 0.130000 0.165000
3 0.914167 0.586250 0.065000 0.032500
3 0.167500 0.755000 0.048333 0.065000
0 0.334167 0.805000 0.038333 0.060000
1 0.559167 0.325000 0.065000 0.060000
0 0.230833 0.241250 0.098333 0.157500
3 0.895833 0.327500 0.125000 0.130000
2 0.258333 0.637500 0.033333 0.040000
0 0.576667 0.593750 0.120000 0.242500
1 0.160833 0.186250 0.135000 0.172500
0 0.670000 0.707500 0.113333 0.180000
3 0.485833 0.215000 0.101667 0.090000
1 0.595833 0.093750 0.071667 0.082500
2 0.495000 0.705000 0.120000 0.145000
3 0.601667 0.362500 0.066667 0.070000
1 0.570833 0.195000 0.041667 0.050000
3 0.610833 0.542500 0.035000 0.065000
0 0.879167 0.203750 0.088333 0.197500
2 0.103333 0.205000 0.143333 0.220000
1 0.690833 0.552500 0.061667 0.110000
