0 0.949167 0.883750 0.088333 0.127500
0 0.850000 0.282500 0.133333 0.220000
2 0.410000 0.841250 0.046667 0.182500
3 0.608333 0.835000 0.123333 0.165000
3 0.620833 0.398750 0.121667 0.117500
0 0.566667 0.496250 0.133333 0.197500
0 0.171667 0.300000 0.156667 0.235000
2 0.100000 0.688750 0.036667 0.047500
2 0.053333 0.807500 0.086667 0.135000
2 0.454167 0.752500 0.085000 0.115000
2 0.190833 0.078750 0.068333 0.052500
2 0.457500 0.783750 0.151667 0.307500
3 0.670833 0.093750 0.078333 0.172500
1 0.199167 0.817500 0.111667 0.165000
3 0.524167 0.433750 0.045000 0.092500
0 0.800833 0.816250 0.118333 0.237500
0 0.621667 0.837500 0.116667 0.190000
2 0.138333 0.180000 0.113333 0.145000
2 0.133333 0.661250 0.146667 0.152500
3 0.237500 0.417500 0.065000 0.070000
0 0.847500 0.581250 0.145000 0.267500
0 0.457500 0.362500 0.165000 0.205000
0 0.290833 0.590000 0.201667 0.240000
2 0.314167 0.177500 0.045000 0.045000
2 0.440833 0.493750 0.081667 0.077500
1 0.712500 0.743750 0.088333 0.112500
0 0.449167 0.892500 0.041667 0.065000
2 0.320833 0.576250 0.048333 0.077500
1 0.780000 0.591250 0.096667 0.107500
2 0.233333 0.623750 0.043333 0.177500
1 0.725000 0.635000 0.126667 0.165000
2 0.144167 0.407500 0.091667 0.190000
2 0.840833 0.168750 0.115000 0.197500
2 0.530000 0.193750 0.156667 0.172500
2 0.156667 0.100000 0.070000 0.135000
0 0.200000 0.092500 0.110000 0.135000
0 0.404167 0.870000 0.091667 0.160000
3 0.545000 0.718750 0.116667 0.162500
1 0.107500 0.337500 0.051667 0.065000
1 0.413333 0.488750 0.060000 0.087500
1 0.218333 0.362500 0.070000 0.120000
0 0.234167 0.430000 0.098333 0.165000
1 0.327500 0.618750 0.071667 0.082500
