0 0.677500 0.385000 0.055000 0.090000
3 0.204167 0.562500 0.015000 0.035000
2 0.219167 0.441250 0.125000 0.182500
0 0.624167 0.686250 0.101667 0.202500
2 0.398333 0.205000 0.043333 0.070000
0 0.861667 0.086250 0.033333 0.077500
2 0.545833 0.678750 0.075000 0.102500
3 0.571667 0.503750 0.036667 0.102500
0 0.259167 0.603750 0.108333 0.192500
1 0.099167 0.498750 0.038333 0.077500
1 0.373333 0.228750 0.066667 0.102500
3 0.440833 0.423750 0.041667 0.097500
1 0.770833 0.143750 0.045000 0.132500
3 0.478333 0.263750 0.100000 0.082500
1 0.678333 0.725000 0.060000 0.060000
3 0.275000 0.641250 0.060000 0.137500
1 0.640000 0.916250 0.063333 0.097500
2 0.670000 0.128750 0.103333 0.122500
3 0.308333 0.473750 0.066667 0.092500
3 0.745000 0.795000 0.040000 0.080000
1 0.174167 0.681250 0.141667 0.172500
0 0.515000 0.867500 0.076667 0.090000
0 0.630833 0.610000 0.181667 0.270000
3 0.156667 0.675000 0.050000 0.045000
1 0.274167 0.236250 0.041667 0.087500
1 0.880833 0.673750 0.118333 0.187500
2 0.604167 0.831250 0.068333 0.117500
3 0.367500 0.527500 0.065000 0.190000
0 0.573333 0.718750 0.103333 0.147500
0 0.335000 0.092500 0.063333 0.085000
3 0.842500 0.200000 0.048333 0.185000
0 0.839167 0.511250 0.128333 0.207500
0 0.078333 0.177500 0.126667 0.210000
2 0.680000 0.741250 0.040000 0.057500
0 0.322500 0.257500 0.141667 0.175000
1 0.192500 0.250000 0.098333 0.155000
3 0.787500 0.652500 0.121667 0.095000
2 0.462500 0.315000 0.095000 0.145000
1 0.165000 0.068750 0.053333 0.067500
1 0.825833 0.248750 0.061667 0.107500
1 0.794167 0.130000 0.058333 0.120000
0 0.200000 0.885000 0.076667 0.115000
2 0.594167 0.793750 0.085000 0.137500
3 0.131667 0.361250 0.073333 0.082500
0 0.489167 0.852500 0.111667 0.150000
0 0.404167 0.272500 0.151667 0.240000
0 0.771667 0.907500 0.060000 0.095000
0 0.107500 0.441250 0.121667 0.207500
2 0.670833 0.178750 0.105000 0.167500
1 0.639167 0.472500 0.088333 0.120000
