2 0.649167 0.838750 0.045000 0.067500
1 0.270833 0.655000 0.068333 0.135000
3 0.861667 0.470000 0.046667 0.080000
0 0.458333 0.795000 0.130000 0.230000
2 0.558333 0.197500 0.100000 0.085000
0 0.640833 0.853750 0.045000 0.067500
0 0.652500 0.748750 0.151667 0.227500
2 0.700833 0.178750 0.001667 0.112500
3 0.770833 0.493750 0.081667 0.152500
1 0.220000 0.537500 0.086667 0.105000
3 0.603333 0.765000 0.086667 0.125000
0 0.709167 0.418750 0.101667 0.142500
1 0.300000 0.432500 0.136667 0.225000
3 0.415833 0.702500 0.021667 0.045000
0 0.690833 0.341250 0.058333 0.092500
3 0.293333 0.830000 0.026667 0.035000
