0 0.155000 0.156250 0.056667 0.067500
3 0.651667 0.832500 0.080000 0.130000
3 0.416667 0.177500 0.040000 0.060000
3 0.865000 0.877500 0.050000 0.095000
0 0.204167 0.357500 0.125000 0.215000
1 0.703333 0.683750 0.086667 0.097500
1 0.616667 0.095000 0.053333 0.060000
2 0.136667 0.657500 0.116667 0.160000
2 0.453333 0.165000 0.110000 0.165000
0 0.321667 0.441250 0.120000 0.237500
2 0.528333 0.800000 0.120000 0.095000
2 0.875833 0.592500 0.065000 0.135000
3 0.216667 0.436250 0.050000 0.047500
3 0.918333 0.880000 0.066667 0.070000
3 0.687500 0.205000 0.031667 0.055000
3 0.231667 0.695000 0.080000 0.095000
3 0.689167 0.235000 0.091667 0.095000
0 0.108333 0.241250 0.046667 0.067500
1 0.905000 0.715000 0.080000 0.120000
2 0.266667 0.730000 0.120000 0.125000
1 0.902500 0.165000 0.048333 0.065000
3 0.769167 0.673750 0.051667 0.102500
0 0.544167 0.190000 0.075000 0.100000
0 0.047500 0.513750 0.091667 0.162500
2 0.142500 0.798750 0.121667 0.242500
2 0.040000 0.207500 0.050000 0.075000
0 0.889167 0.721250 0.105000 0.112500
1 0.560833 0.443750 0.061667 0.112500
1 0.613333 0.210000 0.073333 0.120000
2 0.222500 0.358750 0.088333 0.137500
3 0.885833 0.381250 0.021667 0.042500
1 0.349167 0.217500 0.075000 0.085000
2 0.129167 0.373750 0.078333 0.102500
0 0.484167 0.375000 0.065000 0.120000
