0 0.866667 0.536250 0.033333 0.052500
0 0.845000 0.523750 0.130000 0.162500
0 0.638333 0.665000 0.106667 0.155000
2 0.337500 0.901250 0.055000 0.067500
3 0.150833 0.387500 0.115000 0.155000
0 0.100833 0.496250 0.138333 0.192500
0 0.165000 0.648750 0.056667 0.082500
3 0.338333 0.872500 0.063333 0.105000
1 0.359167 0.785000 0.045000 0.050000
2 0.378333 0.483750 0.063333 0.072500
3 0.639167 0.532500 0.085000 0.075000
1 0.265000 0.081250 0.003333 0.002500
0 0.585833 0.125000 0.111667 0.165000
2 0.513333 0.793750 0.036667 0.042500
2 0.619167 0.630000 0.098333 0.210000
1 0.092500 0.535000 0.041667 0.045000
2 0.217500 0.166250 0.058333 0.107500
3 0.364167 0.043750 0.038333 0.072500
3 0.773333 0.567500 0.100000 0.130000
0 0.340833 0.826250 0.171667 0.237500
2 0.447500 0.200000 0.088333 0.055000
1 0.095833 0.647500 0.125000 0.180000
2 0.556667 0.045000 0.050000 0.080000
2 0.225833 0.358750 0.101667 0.132500
3 0.800000 0.150000 0.040000 0.100000
3 0.455833 0.563750 0.108333 0.122500
1 0.872500 0.053750 0.105000 0.102500
1 0.074167 0.658750 0.105000 0.152500
0 0.271667 0.183750 0.103333 0.227500
0 0.167500 0.218750 0.118333 0.252500
0 0.943333 0.808750 0.073333 0.117500
1 0.042500 0.701250 0.045000 0.112500
1 0.163333 0.496250 0.140000 0.257500
3 0.639167 0.838750 0.058333 0.102500
3 0.754167 0.858750 0.041667 0.122500
1 0.143333 0.105000 0.120000 0.205000
0 0.872500 0.563750 0.115000 0.187500
2 0.114167 0.133750 0.125000 0.182500
2 0.869167 0.898750 0.081667 0.107500
0 0.685833 0.882500 0.128333 0.180000
0 0.840833 0.315000 0.078333 0.090000
0 0.050000 0.131250 0.050000 0.072500
0 0.303333 0.546250 0.050000 0.077500
2 0.138333 0.498750 0.056667 0.052500
3 0.880833 0.218750 0.081667 0.117500
