1 0.728333 0.098750 0.023333 0.062500
0 0.899167 0.603750 0.115000 0.172500
0 0.555833 0.801250 0.058333 0.107500
1 0.915000 0.710000 0.083333 0.165000
1 0.199167 0.745000 0.061667 0.110000
2 0.413333 0.516250 0.033333 0.027500
0 0.894167 0.262500 0.051667 0.060000
2 0.355000 0.553750 0.123333 0.197500
2 0.698333 0.090000 0.040000 0.040000
1 0.495833 0.681250 0.325000 0.302500
1 0.919167 0.696250 0.071667 0.082500
2 0.918333 0.717500 0.066667 0.155000
1 0.158333 0.316250 0.093333 0.112500
2 0.528333 0.050000 0.050000 0.080000
2 0.125000 0.801250 0.093333 0.137500
1 0.600833 0.101250 0.028333 0.032500
0 0.722500 0.135000 0.085000 0.105000
0 0.055000 0.116250 0.040000 0.057500
0 0.739167 0.291250 0.061667 0.097500
3 0.840833 0.312500 0.108333 0.145000
2 0.079167 0.315000 0.118333 0.170000
1 0.898333 0.638750 0.040000 0.087500
0 0.479167 0.741250 0.121667 0.187500
