1 0.824167 0.840000 0.031667 0.075000
2 0.409167 0.315000 0.041667 0.070000
3 0.370833 0.358750 0.118333 0.127500
3 0.522500 0.361250 0.065000 0.167500
2 0.117500 0.536250 0.065000 0.082500
3 0.385000 0.175000 0.076667 0.095000
1 0.375833 0.271250 0.115000 0.207500
3 0.098333 0.313750 0.036667 0.052500
0 0.211667 0.351250 0.230000 0.272500
1 0.077500 0.302500 0.128333 0.230000
2 0.602500 0.682500 0.121667 0.105000
1 0.321667 0.330000 0.100000 0.140000
1 0.378333 0.736250 0.143333 0.182500
2 0.820833 0.226250 0.118333 0.152500
2 0.933333 0.575000 0.073333 0.110000
2 0.229167 0.713750 0.085000 0.097500
3 0.286667 0.410000 0.073333 0.135000
3 0.694167 0.450000 0.051667 0.050000
3 0.642500 0.448750 0.028333 0.022500
3 0.638333 0.541250 0.196667 0.292500
3 0.457500 0.583750 0.068333 0.077500
1 0.094167 0.681250 0.055000 0.082500
3 0.715833 0.426250 0.038333 0.082500
2 0.047500 0.825000 0.071667 0.100000
3 0.113333 0.436250 0.083333 0.082500
0 0.672500 0.611250 0.031667 0.047500
1 0.040000 0.303750 0.053333 0.117500
3 0.280833 0.811250 0.108333 0.112500
3 0.315000 0.906250 0.066667 0.057500
3 0.108333 0.731250 0.106667 0.297500
0 0.237500 0.520000 0.095000 0.150000
1 0.440833 0.742500 0.071667 0.115000
2 0.570833 0.562500 0.138333 0.205000
3 0.820000 0.336250 0.116667 0.117500
1 0.930000 0.475000 0.073333 0.125000
3 0.240000 0.883750 0.046667 0.067500
2 0.459167 0.830000 0.171667 0.180000
1 0.555000 0.462500 0.003333 0.000000
2 0.242500 0.313750 0.125000 0.227500
2 0.779167 0.483750 0.211667 0.227500
