2 0.621667 0.075000 0.080000 0.150000
1 0.510833 0.803750 0.108333 0.142500
2 0.560833 0.671250 0.105000 0.117500
1 0.119167 0.541250 0.068333 0.107500
0 0.057500 0.415000 0.045000 0.050000
2 0.731667 0.436250 0.133333 0.147500
0 0.848333 0.483750 0.083333 0.152500
2 0.093333 0.157500 0.053333 0.095000
1 0.139167 0.793750 0.051667 0.057500
1 0.293333 0.680000 0.070000 0.090000
0 0.539167 0.148750 0.091667 0.132500
3 0.578333 0.351250 0.093333 0.137500
0 0.789167 0.610000 0.215000 0.295000
3 0.302500 0.838750 0.175000 0.197500
0 0.303333 0.563750 0.163333 0.242500
0 0.585833 0.348750 0.085000 0.122500
0 0.660833 0.916250 0.065000 0.087500
2 0.311667 0.785000 0.020000 0.055000
1 0.906667 0.896250 0.073333 0.077500
1 0.277500 0.478750 0.105000 0.222500
1 0.820000 0.657500 0.113333 0.110000
2 0.320000 0.082500 0.080000 0.160000
1 0.761667 0.467500 0.103333 0.225000
0 0.750000 0.153750 0.130000 0.227500
3 0.372500 0.675000 0.081667 0.065000
2 0.353333 0.356250 0.060000 0.122500
3 0.450000 0.248750 0.126667 0.162500
2 0.695833 0.315000 0.151667 0.230000
3 0.706667 0.238750 0.103333 0.117500
