0 0.569167 0.241250 0.118333 0.157500
2 0.718333 0.896250 0.046667 0.072500
2 0.066667 0.552500 0.036667 0.060000
2 0.354167 0.225000 0.121667 0.170000
0 0.748333 0.182500 0.103333 0.245000
3 0.175833 0.682500 0.035000 0.025000
1 0.085000 0.775000 0.086667 0.120000
3 0.103333 0.553750 0.040000 0.117500
3 0.370833 0.345000 0.071667 0.095000
0 0.820833 0.072500 0.038333 0.050000
0 0.898333 0.358750 0.063333 0.087500
1 0.600000 0.448750 0.130000 0.177500
2 0.335000 0.806250 0.133333 0.107500
2 0.727500 0.890000 0.065000 0.060000
0 0.766667 0.270000 0.116667 0.180000
0 0.557500 0.135000 0.145000 0.215000
1 0.225833 0.473750 0.048333 0.097500
3 0.505000 0.720000 0.043333 0.040000
3 0.065833 0.065000 0.081667 0.095000
2 0.227500 0.252500 0.258333 0.285000
0 0.680833 0.948750 0.055000 0.077500
