1 0.105833 0.847500 0.105000 0.180000
2 0.460833 0.285000 0.068333 0.140000
1 0.370833 0.196250 0.111667 0.197500
2 0.785000 0.822500 0.130000 0.140000
2 0.074167 0.856250 0.035000 0.057500
3 0.537500 0.401250 0.215000 0.247500
1 0.863333 0.198750 0.106667 0.122500
1 0.220000 0.338750 0.103333 0.217500
3 0.463333 0.280000 0.036667 0.045000
2 0.623333 0.496250 0.136667 0.217500
3 0.606667 0.723750 0.070000 0.062500
2 0.579167 0.265000 0.078333 0.180000
3 0.275000 0.408750 0.053333 0.082500
1 0.283333 0.878750 0.090000 0.157500
0 0.433333 0.251250 0.180000 0.232500
2 0.475000 0.183750 0.046667 0.042500
1 0.244167 0.210000 0.128333 0.185000
2 0.816667 0.200000 0.073333 0.095000
0 0.425000 0.642500 0.163333 0.245000
0 0.712500 0.436250 0.138333 0.202500
1 0.605833 0.835000 0.075000 0.085000
0 0.342500 0.912500 0.055000 0.090000
0 0.503333 0.916250 0.046667 0.067500
2 0.836667 0.732500 0.060000 0.100000
3 0.885000 0.442500 0.150000 0.150000
3 0.657500 0.612500 0.101667 0.110000
2 0.800000 0.382500 0.123333 0.115000
1 0.269167 0.318750 0.045000 0.117500
3 0.055000 0.478750 0.033333 0.067500
0 0.255833 0.358750 0.148333 0.227500
0 0.382500 0.297500 0.055000 0.085000
3 0.755833 0.512500 0.108333 0.165000
1 0.730833 0.338750 0.091667 0.117500
0 0.565833 0.307500 0.068333 0.085000
1 0.315000 0.770000 0.110000 0.130000
1 0.635833 0.258750 0.138333 0.167500
3 0.703333 0.626250 0.190000 0.192500
2 0.175000 0.468750 0.076667 0.002500
1 0.468333 0.283750 0.066667 0.137500
2 0.853333 0.430000 0.060000 0.190000
0 0.406667 0.121250 0.043333 0.057500
