0 0.191667 0.448750 0.066667 0.087500
2 0.944167 0.136250 0.055000 0.077500
2 0.550833 0.603750 0.171667 0.207500
3 0.315833 0.741250 0.041667 0.082500
0 0.645833 0.111250 0.111667 0.187500
3 0.548333 0.586250 0.090000 0.177500
1 0.830000 0.533750 0.116667 0.167500
0 0.944167 0.588750 0.098333 0.177500
3 0.190000 0.342500 0.093333 0.090000
2 0.205000 0.191250 0.096667 0.117500
0 0.325833 0.112500 0.128333 0.185000
1 0.920833 0.238750 0.091667 0.152500
1 0.655000 0.802500 0.056667 0.100000
1 0.650000 0.237500 0.043333 0.100000
1 0.191667 0.461250 0.063333 0.077500
3 0.086667 0.281250 0.036667 0.097500
0 0.583333 0.660000 0.130000 0.190000
2 0.150000 0.613750 0.030000 0.032500
0 0.167500 0.371250 0.055000 0.077500
1 0.933333 0.242500 0.053333 0.070000
1 0.724167 0.706250 0.201667 0.227500
1 0.351667 0.432500 0.123333 0.150000
0 0.740833 0.670000 0.041667 0.050000
1 0.184167 0.795000 0.148333 0.190000
0 0.910833 0.811250 0.058333 0.087500
0 0.229167 0.381250 0.088333 0.177500
