0 0.530000 0.385000 0.116667 0.175000
3 0.059167 0.142500 0.051667 0.045000
3 0.307500 0.718750 0.075000 0.077500
1 0.325000 0.185000 0.086667 0.110000
0 0.527500 0.423750 0.148333 0.242500
3 0.155000 0.318750 0.103333 0.177500
0 0.312500 0.318750 0.155000 0.222500
2 0.193333 0.137500 0.043333 0.155000
1 0.883333 0.210000 0.036667 0.070000
2 0.899167 0.232500 0.051667 0.075000
1 0.798333 0.630000 0.140000 0.170000
3 0.804167 0.595000 0.048333 0.095000
2 0.735000 0.620000 0.080000 0.115000
2 0.873333 0.602500 0.120000 0.125000
0 0.606667 0.231250 0.123333 0.257500
0 0.392500 0.538750 0.085000 0.167500
3 0.586667 0.373750 0.060000 0.077500
2 0.523333 0.552500 0.133333 0.200000
2 0.434167 0.808750 0.118333 0.227500
2 0.424167 0.337500 0.105000 0.190000
0 0.925000 0.106250 0.053333 0.062500
2 0.325833 0.721250 0.081667 0.127500
2 0.302500 0.598750 0.045000 0.052500
2 0.400000 0.857500 0.076667 0.075000
