2 0.125000 0.468750 0.033333 0.027500
2 0.547500 0.595000 0.121667 0.185000
3 0.905000 0.592500 0.103333 0.155000
2 0.137500 0.847500 0.028333 0.060000
3 0.305000 0.485000 0.083333 0.180000
0 0.554167 0.513750 0.038333 0.062500
3 0.858333 0.875000 0.203333 0.230000
1 0.082500 0.150000 0.138333 0.275000
3 0.326667 0.446250 0.156667 0.157500
2 0.678333 0.443750 0.066667 0.102500
3 0.898333 0.152500 0.066667 0.120000
2 0.410833 0.567500 0.065000 0.095000
0 0.746667 0.747500 0.150000 0.175000
2 0.057500 0.396250 0.075000 0.157500
1 0.445000 0.566250 0.083333 0.122500
3 0.137500 0.867500 0.041667 0.110000
3 0.100833 0.648750 0.038333 0.087500
0 0.160833 0.838750 0.085000 0.127500
0 0.745000 0.813750 0.156667 0.222500
0 0.871667 0.632500 0.170000 0.225000
3 0.313333 0.452500 0.100000 0.070000
3 0.331667 0.738750 0.170000 0.252500
0 0.042500 0.375000 0.061667 0.110000
0 0.229167 0.501250 0.091667 0.132500
2 0.567500 0.133750 0.078333 0.227500
2 0.447500 0.765000 0.135000 0.095000
3 0.645833 0.130000 0.108333 0.105000
1 0.040000 0.505000 0.070000 0.060000
3 0.402500 0.511250 0.115000 0.152500
2 0.304167 0.072500 0.038333 0.055000
2 0.926667 0.935000 0.050000 0.045000
1 0.380833 0.163750 0.105000 0.122500
2 0.805833 0.241250 0.058333 0.082500
0 0.263333 0.372500 0.080000 0.105000
1 0.126667 0.807500 0.073333 0.090000
