1 0.555000 0.208750 0.073333 0.092500
3 0.732500 0.398750 0.131667 0.132500
2 0.202500 0.175000 0.061667 0.175000
3 0.099167 0.570000 0.065000 0.060000
2 0.503333 0.773750 0.150000 0.242500
2 0.610000 0.402500 0.053333 0.060000
1 0.546667 0.143750 0.126667 0.192500
1 0.551667 0.762500 0.040000 0.045000
0 0.843333 0.681250 0.170000 0.217500
3 0.422500 0.463750 0.058333 0.062500
2 0.174167 0.655000 0.135000 0.195000
0 0.565833 0.128750 0.118333 0.222500
2 0.534167 0.158750 0.058333 0.057500
2 0.819167 0.692500 0.148333 0.225000
2 0.624167 0.226250 0.068333 0.107500
0 0.573333 0.300000 0.083333 0.165000
3 0.882500 0.043750 0.025000 0.052500
3 0.109167 0.160000 0.075000 0.190000
1 0.573333 0.537500 0.120000 0.170000
1 0.871667 0.410000 0.113333 0.145000
1 0.455833 0.247500 0.121667 0.145000
0 0.195833 0.385000 0.085000 0.135000
3 0.379167 0.460000 0.081667 0.065000
0 0.425833 0.211250 0.098333 0.157500
1 0.622500 0.163750 0.141667 0.212500
0 0.140000 0.482500 0.083333 0.130000
3 0.968333 0.693750 0.036667 0.037500
0 0.065833 0.320000 0.081667 0.150000
1 0.722500 0.110000 0.038333 0.065000
1 0.410833 0.447500 0.028333 0.055000
3 0.690833 0.160000 0.115000 0.115000
3 0.467500 0.228750 0.025000 0.022500
1 0.645000 0.592500 0.130000 0.150000
2 0.441667 0.697500 0.140000 0.130000
3 0.088333 0.672500 0.080000 0.080000
0 0.244167 0.560000 0.075000 0.095000
0 0.047500 0.077500 0.065000 0.100000
0 0.906667 0.786250 0.076667 0.112500
