1 0.155000 0.557500 0.106667 0.100000
2 0.819167 0.248750 0.138333 0.142500
1 0.077500 0.472500 0.105000 0.130000
0 0.735833 0.702500 0.155000 0.245000
1 0.503333 0.567500 0.073333 0.130000
0 0.483333 0.827500 0.120000 0.190000
2 0.725833 0.205000 0.095000 0.170000
2 0.845833 0.257500 0.118333 0.145000
3 0.133333 0.625000 0.043333 0.035000
0 0.720000 0.906250 0.076667 0.102500
1 0.478333 0.811250 0.110000 0.192500
2 0.390000 0.518750 0.060000 0.137500
1 0.680833 0.216250 0.125000 0.177500
0 0.474167 0.297500 0.141667 0.205000
3 0.438333 0.418750 0.040000 0.117500
3 0.327500 0.786250 0.088333 0.102500
1 0.750000 0.713750 0.106667 0.162500
2 0.510000 0.343750 0.100000 0.157500
3 0.879167 0.422500 0.045000 0.050000
2 0.588333 0.485000 0.046667 0.070000
0 0.299167 0.931250 0.061667 0.082500
1 0.147500 0.668750 0.115000 0.162500
3 0.095000 0.138750 0.033333 0.027500
2 0.320000 0.678750 0.196667 0.317500
0 0.086667 0.745000 0.130000 0.160000
1 0.427500 0.202500 0.128333 0.175000
2 0.518333 0.470000 0.133333 0.145000
2 0.266667 0.851250 0.113333 0.192500
1 0.255000 0.743750 0.053333 0.057500
1 0.107500 0.572500 0.091667 0.195000
0 0.370833 0.462500 0.101667 0.255000
0 0.327500 0.442500 0.168333 0.200000
0 0.905833 0.866250 0.071667 0.117500
3 0.646667 0.777500 0.123333 0.175000
2 0.256667 0.106250 0.030000 0.042500
