1 0.361667 0.755000 0.080000 0.175000
0 0.256667 0.498750 0.116667 0.242500
0 0.255833 0.823750 0.068333 0.127500
3 0.133333 0.326250 0.106667 0.112500
1 0.880833 0.885000 0.108333 0.125000
0 0.245000 0.878750 0.103333 0.167500
0 0.840000 0.220000 0.086667 0.145000
3 0.280833 0.860000 0.048333 0.060000
1 0.581667 0.481250 0.033333 0.042500
0 0.120833 0.857500 0.105000 0.155000
3 0.236667 0.658750 0.106667 0.092500
2 0.818333 0.458750 0.066667 0.157500
3 0.631667 0.412500 0.110000 0.130000
0 0.142500 0.707500 0.155000 0.255000
2 0.351667 0.500000 0.080000 0.220000
2 0.855833 0.073750 0.045000 0.072500
3 0.627500 0.490000 0.085000 0.100000
0 0.588333 0.842500 0.096667 0.115000
1 0.729167 0.267500 0.075000 0.100000
0 0.084167 0.192500 0.148333 0.180000
2 0.135000 0.270000 0.050000 0.115000
2 0.358333 0.270000 0.063333 0.115000
1 0.584167 0.072500 0.038333 0.050000
0 0.240000 0.261250 0.080000 0.122500
3 0.154167 0.496250 0.098333 0.092500
1 0.870833 0.847500 0.048333 0.055000
0 0.854167 0.425000 0.151667 0.255000
0 0.411667 0.395000 0.133333 0.260000
3 0.121667 0.486250 0.096667 0.077500
1 0.820000 0.745000 0.133333 0.175000
2 0.425000 0.295000 0.063333 0.095000
1 0.669167 0.703750 0.071667 0.152500
