2 0.642500 0.165000 0.068333 0.105000
1 0.773333 0.811250 0.130000 0.167500
1 0.785833 0.515000 0.078333 0.125000
0 0.464167 0.173750 0.061667 0.092500
3 0.509167 0.771250 0.085000 0.157500
1 0.460833 0.857500 0.095000 0.080000
0 0.385000 0.163750 0.153333 0.182500
3 0.550833 0.211250 0.061667 0.112500
1 0.035833 0.757500 0.068333 0.090000
1 0.287500 0.405000 0.068333 0.115000
3 0.110000 0.710000 0.096667 0.145000
1 0.250833 0.523750 0.111667 0.107500
0 0.757500 0.195000 0.141667 0.260000
3 0.118333 0.595000 0.056667 0.135000
2 0.537500 0.107500 0.051667 0.065000
0 0.076667 0.137500 0.110000 0.250000
2 0.425000 0.481250 0.103333 0.162500
0 0.907500 0.850000 0.058333 0.085000
0 0.312500 0.392500 0.115000 0.190000
0 0.665000 0.640000 0.156667 0.185000
2 0.949167 0.208750 0.038333 0.052500
3 0.519167 0.223750 0.081667 0.112500
3 0.609167 0.502500 0.098333 0.075000
0 0.243333 0.491250 0.040000 0.067500
3 0.227500 0.352500 0.028333 0.090000
1 0.585000 0.402500 0.043333 0.050000
1 0.255833 0.746250 0.095000 0.267500
1 0.134167 0.196250 0.061667 0.132500
2 0.518333 0.211250 0.036667 0.047500
1 0.738333 0.350000 0.043333 0.050000
1 0.721667 0.267500 0.060000 0.065000
0 0.326667 0.827500 0.103333 0.155000
1 0.650833 0.597500 0.051667 0.070000
1 0.047500 0.891250 0.038333 0.052500
1 0.734167 0.301250 0.121667 0.132500
2 0.415000 0.798750 0.083333 0.102500
3 0.680833 0.048750 0.025000 0.037500
0 0.815000 0.438750 0.153333 0.232500
2 0.736667 0.181250 0.060000 0.057500
0 0.093333 0.812500 0.043333 0.055000
2 0.330000 0.091250 0.103333 0.112500
1 0.440000 0.710000 0.143333 0.215000
