3 0.309167 0.687500 0.061667 0.135000
0 0.139167 0.668750 0.095000 0.107500
3 0.969167 0.441250 0.035000 0.037500
3 0.433333 0.563750 0.096667 0.072500
1 0.394167 0.935000 0.038333 0.055000
1 0.708333 0.113750 0.026667 0.042500
2 0.314167 0.395000 0.138333 0.190000
3 0.903333 0.753750 0.050000 0.062500
0 0.200000 0.713750 0.066667 0.102500
3 0.244167 0.843750 0.078333 0.097500
2 0.095000 0.122500 0.060000 0.145000
1 0.747500 0.733750 0.081667 0.177500
2 0.782500 0.073750 0.041667 0.067500
3 0.663333 0.925000 0.023333 0.040000
1 0.597500 0.216250 0.088333 0.117500
3 0.127500 0.198750 0.131667 0.137500
2 0.429167 0.591250 0.015000 0.057500
3 0.084167 0.350000 0.061667 0.170000
0 0.203333 0.276250 0.153333 0.177500
1 0.724167 0.115000 0.035000 0.070000
3 0.646667 0.345000 0.043333 0.095000
2 0.469167 0.271250 0.028333 0.037500
3 0.414167 0.381250 0.061667 0.057500
1 0.557500 0.817500 0.081667 0.140000
3 0.272500 0.155000 0.081667 0.180000
0 0.668333 0.078750 0.100000 0.122500
0 0.036667 0.128750 0.070000 0.102500
1 0.088333 0.186250 0.113333 0.142500
2 0.795833 0.596250 0.031667 0.132500
3 0.240833 0.385000 0.095000 0.145000
1 0.886667 0.622500 0.060000 0.125000
3 0.182500 0.227500 0.091667 0.155000
1 0.453333 0.083750 0.106667 0.152500
3 0.458333 0.466250 0.043333 0.037500
1 0.325833 0.666250 0.035000 0.037500
2 0.575000 0.847500 0.113333 0.160000
0 0.405833 0.303750 0.221667 0.307500
2 0.860833 0.831250 0.061667 0.102500
2 0.291667 0.133750 0.136667 0.177500
1 0.781667 0.315000 0.083333 0.185000
