3 0.259167 0.721250 0.041667 0.132500
3 0.301667 0.165000 0.096667 0.105000
1 0.661667 0.556250 0.086667 0.102500
3 0.504167 0.451250 0.058333 0.187500
3 0.059167 0.231250 0.075000 0.107500
2 0.051667 0.243750 0.090000 0.102500
3 0.265000 0.371250 0.033333 0.042500
2 0.400833 0.295000 0.131667 0.240000
2 0.850000 0.416250 0.040000 0.052500
0 0.212500 0.855000 0.171667 0.195000
0 0.810000 0.570000 0.126667 0.205000
2 0.348333 0.396250 0.096667 0.157500
3 0.253333 0.533750 0.080000 0.157500
3 0.164167 0.681250 0.045000 0.057500
0 0.796667 0.108750 0.126667 0.192500
0 0.735833 0.132500 0.151667 0.220000
1 0.460833 0.228750 0.028333 0.047500
1 0.151667 0.722500 0.093333 0.165000
1 0.731667 0.933750 0.043333 0.047500
2 0.432500 0.080000 0.051667 0.080000
1 0.742500 0.355000 0.111667 0.155000
0 0.155833 0.276250 0.125000 0.257500
3 0.030833 0.251250 0.038333 0.117500
