1 0.756667 0.523750 0.123333 0.222500
1 0.126667 0.302500 0.070000 0.095000
3 0.187500 0.770000 0.035000 0.065000
0 0.511667 0.712500 0.076667 0.110000
0 0.955000 0.122500 0.036667 0.050000
3 0.285833 0.081250 0.128333 0.097500
2 0.375000 0.465000 0.043333 0.045000
1 0.414167 0.258750 0.065000 0.102500
2 0.311667 0.897500 0.060000 0.115000
2 0.208333 0.120000 0.090000 0.225000
1 0.251667 0.810000 0.093333 0.205000
1 0.593333 0.822500 0.066667 0.085000
1 0.305000 0.291250 0.093333 0.117500
3 0.490833 0.667500 0.068333 0.080000
2 0.730000 0.253750 0.020000 0.062500
0 0.420833 0.515000 0.138333 0.240000
2 0.179167 0.688750 0.101667 0.137500
2 0.367500 0.141250 0.088333 0.147500
2 0.215833 0.872500 0.031667 0.050000
