1 0.856667 0.765000 0.100000 0.140000
2 0.090000 0.785000 0.030000 0.045000
2 0.895833 0.137500 0.098333 0.145000
0 0.541667 0.766250 0.043333 0.067500
2 0.528333 0.546250 0.086667 0.132500
2 0.786667 0.803750 0.123333 0.177500
1 0.826667 0.406250 0.076667 0.092500
0 0.762500 0.710000 0.101667 0.175000
1 0.710833 0.340000 0.041667 0.085000
3 0.600000 0.468750 0.073333 0.132500
0 0.558333 0.505000 0.116667 0.185000
0 0.518333 0.500000 0.123333 0.245000
2 0.488333 0.152500 0.036667 0.055000
3 0.558333 0.616250 0.020000 0.057500
0 0.519167 0.085000 0.035000 0.045000
0 0.635000 0.611250 0.090000 0.132500
1 0.581667 0.515000 0.150000 0.180000
0 0.202500 0.561250 0.045000 0.072500
0 0.245833 0.896250 0.051667 0.107500
3 0.166667 0.486250 0.046667 0.102500
1 0.373333 0.857500 0.030000 0.040000
2 0.505833 0.286250 0.168333 0.252500
1 0.065000 0.496250 0.060000 0.077500
3 0.560833 0.115000 0.105000 0.140000
2 0.191667 0.067500 0.076667 0.135000
3 0.299167 0.806250 0.045000 0.042500
0 0.407500 0.598750 0.135000 0.202500
0 0.280833 0.530000 0.028333 0.040000
