0 0.664167 0.218750 0.141667 0.227500
3 0.128333 0.645000 0.076667 0.110000
0 0.240833 0.928750 0.048333 0.067500
2 0.600000 0.438750 0.050000 0.082500
0 0.834167 0.393750 0.101667 0.132500
2 0.059167 0.400000 0.045000 0.045000
2 0.288333 0.588750 0.060000 0.087500
0 0.467500 0.615000 0.158333 0.220000
1 0.220833 0.526250 0.145000 0.282500
1 0.151667 0.581250 0.096667 0.207500
3 0.885000 0.457500 0.060000 0.145000
2 0.131667 0.755000 0.003333 0.215000
3 0.050833 0.665000 0.031667 0.075000
1 0.318333 0.050000 0.096667 0.100000
1 0.553333 0.148750 0.090000 0.182500
0 0.185833 0.446250 0.115000 0.182500
1 0.675833 0.325000 0.025000 0.045000
1 0.268333 0.111250 0.086667 0.177500
1 0.932500 0.118750 0.068333 0.137500
2 0.117500 0.321250 0.048333 0.077500
