0 0.199167 0.830000 0.125000 0.200000
1 0.888333 0.273750 0.093333 0.107500
1 0.850833 0.561250 0.125000 0.152500
2 0.445833 0.288750 0.028333 0.057500
2 0.265000 0.668750 0.083333 0.097500
1 0.765000 0.673750 0.093333 0.182500
3 0.443333 0.432500 0.103333 0.095000
3 0.167500 0.205000 0.048333 0.035000
2 0.797500 0.880000 0.071667 0.060000
2 0.393333 0.500000 0.123333 0.150000
2 0.265000 0.206250 0.070000 0.132500
0 0.448333 0.361250 0.063333 0.092500
0 0.347500 0.676250 0.138333 0.217500
2 0.069167 0.150000 0.065000 0.095000
2 0.041667 0.796250 0.080000 0.042500
0 0.125000 0.703750 0.030000 0.042500
2 0.803333 0.505000 0.073333 0.120000
1 0.321667 0.370000 0.146667 0.190000
