0 0.216667 0.458750 0.140000 0.187500
2 0.393333 0.208750 0.136667 0.222500
2 0.752500 0.495000 0.135000 0.230000
2 0.884167 0.701250 0.148333 0.147500
2 0.411667 0.068750 0.136667 0.102500
2 0.398333 0.751250 0.096667 0.192500
1 0.455833 0.557500 0.131667 0.165000
0 0.420833 0.626250 0.155000 0.252500
2 0.189167 0.516250 0.115000 0.197500
0 0.860833 0.406250 0.135000 0.217500
2 0.421667 0.786250 0.103333 0.097500
0 0.251667 0.756250 0.140000 0.232500
0 0.062500 0.806250 0.061667 0.092500
3 0.558333 0.486250 0.073333 0.097500
1 0.555833 0.895000 0.078333 0.115000
1 0.526667 0.265000 0.106667 0.175000
2 0.693333 0.463750 0.046667 0.052500
3 0.110833 0.858750 0.035000 0.047500
3 0.568333 0.658750 0.036667 0.102500
0 0.861667 0.076250 0.073333 0.122500
0 0.390833 0.480000 0.098333 0.175000
3 0.049167 0.726250 0.048333 0.037500
3 0.231667 0.800000 0.036667 0.045000
2 0.620833 0.653750 0.068333 0.197500
0 0.967500 0.335000 0.051667 0.115000
2 0.248333 0.356250 0.076667 0.202500
0 0.089167 0.232500 0.038333 0.065000
0 0.161667 0.647500 0.040000 0.060000
