0 0.303333 0.746250 0.086667 0.127500
2 0.772500 0.303750 0.071667 0.092500
0 0.547500 0.245000 0.078333 0.120000
3 0.104167 0.202500 0.108333 0.125000
3 0.208333 0.170000 0.053333 0.105000
0 0.214167 0.421250 0.151667 0.232500
3 0.552500 0.298750 0.025000 0.022500
0 0.365000 0.151250 0.116667 0.167500
2 0.107500 0.852500 0.141667 0.145000
1 0.270833 0.843750 0.045000 0.092500
2 0.609167 0.141250 0.105000 0.242500
1 0.295833 0.648750 0.068333 0.127500
3 0.125833 0.596250 0.038333 0.047500
1 0.363333 0.525000 0.073333 0.095000
0 0.938333 0.467500 0.036667 0.055000
2 0.255833 0.308750 0.105000 0.172500
2 0.830833 0.318750 0.045000 0.032500
2 0.823333 0.910000 0.056667 0.065000
3 0.251667 0.285000 0.240000 0.280000
0 0.759167 0.688750 0.115000 0.182500
1 0.670000 0.578750 0.050000 0.102500
2 0.626667 0.267500 0.040000 0.080000
0 0.570000 0.373750 0.176667 0.202500
3 0.625000 0.581250 0.110000 0.172500
1 0.830833 0.520000 0.111667 0.180000
1 0.881667 0.386250 0.063333 0.147500
0 0.220000 0.728750 0.033333 0.052500
1 0.256667 0.375000 0.036667 0.045000
