1 0.899167 0.818750 0.071667 0.097500
1 0.209167 0.382500 0.125000 0.225000
2 0.139167 0.845000 0.118333 0.200000
0 0.109167 0.442500 0.128333 0.185000
1 0.597500 0.822500 0.111667 0.135000
3 0.297500 0.732500 0.115000 0.130000
0 0.168333 0.470000 0.170000 0.235000
3 0.743333 0.295000 0.070000 0.110000
1 0.740000 0.098750 0.073333 0.107500
3 0.825000 0.578750 0.063333 0.102500
0 0.046667 0.891250 0.090000 0.152500
3 0.302500 0.110000 0.111667 0.135000
0 0.584167 0.592500 0.055000 0.085000
0 0.498333 0.171250 0.116667 0.212500
3 0.493333 0.118750 0.043333 0.117500
2 0.333333 0.555000 0.130000 0.170000
0 0.546667 0.787500 0.120000 0.200000
3 0.423333 0.683750 0.053333 0.052500
3 0.841667 0.361250 0.043333 0.072500
1 0.315000 0.111250 0.103333 0.167500
1 0.433333 0.896250 0.030000 0.062500
3 0.079167 0.188750 0.045000 0.142500
0 0.601667 0.783750 0.113333 0.207500
0 0.348333 0.536250 0.143333 0.212500
3 0.139167 0.572500 0.025000 0.040000
1 0.879167 0.310000 0.051667 0.055000
3 0.229167 0.758750 0.031667 0.062500
3 0.571667 0.606250 0.046667 0.042500
0 0.660000 0.282500 0.066667 0.100000
1 0.200833 0.605000 0.105000 0.115000
3 0.218333 0.811250 0.113333 0.167500
0 0.319167 0.796250 0.118333 0.177500
2 0.355000 0.925000 0.033333 0.060000
2 0.752500 0.608750 0.085000 0.102500
1 0.524167 0.797500 0.055000 0.070000
3 0.700833 0.370000 0.088333 0.105000
