0 0.835000 0.777500 0.130000 0.190000
2 0.955833 0.251250 0.038333 0.062500
0 0.381667 0.752500 0.120000 0.205000
2 0.691667 0.626250 0.086667 0.107500
3 0.144167 0.615000 0.048333 0.105000
0 0.886667 0.463750 0.046667 0.067500
0 0.394167 0.297500 0.065000 0.105000
3 0.812500 0.800000 0.048333 0.070000
3 0.884167 0.748750 0.071667 0.087500
2 0.077500 0.256250 0.048333 0.072500
3 0.872500 0.797500 0.078333 0.095000
0 0.157500 0.097500 0.081667 0.125000
1 0.551667 0.928750 0.046667 0.082500
2 0.845833 0.090000 0.131667 0.135000
0 0.208333 0.436250 0.076667 0.127500
