2 0.308333 0.685000 0.156667 0.200000
0 0.277500 0.705000 0.168333 0.255000
2 0.650833 0.485000 0.105000 0.100000
3 0.123333 0.675000 0.026667 0.025000
0 0.206667 0.535000 0.120000 0.165000
3 0.284167 0.421250 0.021667 0.042500
1 0.629167 0.181250 0.118333 0.187500
2 0.599167 0.278750 0.125000 0.132500
1 0.812500 0.556250 0.071667 0.082500
1 0.215833 0.180000 0.078333 0.105000
3 0.556667 0.782500 0.050000 0.055000
0 0.916667 0.602500 0.080000 0.100000
2 0.361667 0.258750 0.136667 0.202500
2 0.498333 0.498750 0.136667 0.162500
1 0.709167 0.357500 0.035000 0.040000
3 0.774167 0.472500 0.071667 0.065000
1 0.534167 0.436250 0.028333 0.037500
2 0.444167 0.517500 0.138333 0.180000
