1 0.629167 0.605000 0.035000 0.065000
3 0.181667 0.426250 0.046667 0.052500
3 0.934167 0.358750 0.035000 0.032500
0 0.437500 0.187500 0.108333 0.165000
3 0.626667 0.222500 0.100000 0.075000
2 0.136667 0.291250 0.100000 0.097500
2 0.158333 0.636250 0.076667 0.102500
1 0.186667 0.321250 0.083333 0.122500
3 0.697500 0.430000 0.058333 0.045000
1 0.119167 0.323750 0.085000 0.182500
1 0.438333 0.510000 0.133333 0.155000
0 0.654167 0.828750 0.078333 0.117500
1 0.483333 0.868750 0.113333 0.152500
3 0.473333 0.467500 0.106667 0.140000
0 0.045833 0.492500 0.091667 0.125000
0 0.095000 0.886250 0.116667 0.132500
0 0.490000 0.068750 0.050000 0.067500
3 0.085833 0.312500 0.158333 0.275000
0 0.343333 0.160000 0.150000 0.275000
2 0.758333 0.581250 0.140000 0.177500
2 0.544167 0.642500 0.051667 0.080000
1 0.804167 0.215000 0.038333 0.070000
0 0.787500 0.775000 0.088333 0.135000
1 0.555000 0.037500 0.046667 0.060000
3 0.575000 0.840000 0.040000 0.065000
1 0.887500 0.208750 0.065000 0.087500
3 0.187500 0.211250 0.075000 0.102500
3 0.750000 0.695000 0.113333 0.145000
1 0.874167 0.701250 0.048333 0.057500
1 0.866667 0.075000 0.050000 0.060000
3 0.720000 0.377500 0.106667 0.175000
2 0.383333 0.690000 0.093333 0.080000
1 0.585000 0.636250 0.133333 0.192500
2 0.356667 0.515000 0.056667 0.065000
2 0.569167 0.158750 0.111667 0.177500
3 0.765000 0.341250 0.106667 0.107500
3 0.464167 0.838750 0.081667 0.172500
3 0.346667 0.620000 0.080000 0.155000
0 0.539167 0.083750 0.128333 0.167500
1 0.116667 0.333750 0.180000 0.187500
2 0.542500 0.300000 0.131667 0.195000
1 0.660000 0.146250 0.056667 0.077500
0 0.040833 0.768750 0.035000 0.067500
2 0.444167 0.350000 0.128333 0.190000
