1 0.799167 0.491250 0.055000 0.067500
0 0.830000 0.140000 0.093333 0.160000
3 0.320000 0.336250 0.016667 0.042500
1 0.925833 0.757500 0.058333 0.070000
3 0.597500 0.503750 0.041667 0.037500
1 0.299167 0.597500 0.031667 0.060000
0 0.605833 0.796250 0.055000 0.072500
0 0.075833 0.443750 0.138333 0.157500
3 0.583333 0.346250 0.113333 0.097500
1 0.504167 0.302500 0.135000 0.210000
3 0.898333 0.072500 0.026667 0.085000
2 0.863333 0.317500 0.076667 0.080000
2 0.453333 0.567500 0.060000 0.095000
3 0.421667 0.356250 0.023333 0.042500
0 0.685000 0.596250 0.150000 0.227500
3 0.870833 0.158750 0.048333 0.037500
3 0.496667 0.341250 0.090000 0.097500
3 0.279167 0.750000 0.078333 0.185000
