3 0.531667 0.243750 0.050000 0.122500
0 0.092500 0.500000 0.145000 0.215000
2 0.621667 0.351250 0.190000 0.307500
1 0.459167 0.121250 0.098333 0.087500
1 0.416667 0.175000 0.326667 0.305000
0 0.836667 0.357500 0.126667 0.190000
2 0.397500 0.510000 0.095000 0.105000
3 0.769167 0.082500 0.015000 0.040000
0 0.887500 0.718750 0.038333 0.042500
0 0.623333 0.782500 0.136667 0.185000
1 0.545000 0.662500 0.106667 0.190000
0 0.306667 0.808750 0.143333 0.227500
3 0.925833 0.380000 0.031667 0.075000
1 0.175000 0.593750 0.096667 0.172500
0 0.741667 0.242500 0.086667 0.135000
3 0.559167 0.670000 0.125000 0.110000
3 0.433333 0.142500 0.063333 0.055000
0 0.610833 0.823750 0.098333 0.147500
2 0.058333 0.350000 0.036667 0.065000
0 0.585000 0.408750 0.120000 0.187500
3 0.425833 0.227500 0.051667 0.115000
0 0.907500 0.515000 0.118333 0.175000
2 0.918333 0.486250 0.086667 0.142500
2 0.699167 0.618750 0.128333 0.157500
0 0.100000 0.667500 0.120000 0.165000
1 0.757500 0.113750 0.115000 0.157500
3 0.714167 0.198750 0.098333 0.107500
1 0.874167 0.827500 0.138333 0.210000
2 0.907500 0.271250 0.135000 0.167500
3 0.485000 0.348750 0.093333 0.142500
3 0.190833 0.412500 0.075000 0.065000
3 0.439167 0.762500 0.091667 0.120000
2 0.752500 0.655000 0.071667 0.075000
0 0.749167 0.326250 0.141667 0.152500
3 0.377500 0.705000 0.071667 0.095000
3 0.177500 0.627500 0.085000 0.105000
0 0.088333 0.768750 0.076667 0.107500
2 0.597500 0.160000 0.131667 0.240000
3 0.319167 0.311250 0.081667 0.122500
