3 0.532500 0.200000 0.045000 0.055000
0 0.730833 0.621250 0.095000 0.127500
2 0.091667 0.352500 0.163333 0.220000
0 0.326667 0.802500 0.110000 0.140000
2 0.881667 0.342500 0.143333 0.135000
2 0.699167 0.202500 0.038333 0.050000
3 0.330000 0.762500 0.073333 0.115000
1 0.856667 0.390000 0.113333 0.215000
2 0.158333 0.685000 0.063333 0.115000
0 0.345833 0.738750 0.135000 0.187500
3 0.047500 0.415000 0.018333 0.045000
2 0.295833 0.427500 0.111667 0.205000
0 0.605833 0.163750 0.085000 0.102500
2 0.595833 0.333750 0.045000 0.082500
3 0.376667 0.742500 0.070000 0.045000
1 0.863333 0.191250 0.056667 0.062500
3 0.186667 0.500000 0.086667 0.065000
1 0.680833 0.311250 0.031667 0.052500
1 0.740833 0.185000 0.111667 0.120000
2 0.735000 0.700000 0.093333 0.095000
1 0.186667 0.158750 0.096667 0.157500
2 0.515833 0.281250 0.028333 0.042500
3 0.620833 0.690000 0.018333 0.055000
1 0.733333 0.598750 0.103333 0.117500
2 0.586667 0.106250 0.083333 0.142500
3 0.213333 0.212500 0.116667 0.150000
1 0.085000 0.143750 0.070000 0.087500
0 0.314167 0.508750 0.151667 0.247500
3 0.775833 0.248750 0.045000 0.057500
0 0.715000 0.315000 0.086667 0.190000
1 0.834167 0.383750 0.131667 0.172500
0 0.592500 0.620000 0.135000 0.225000
3 0.080000 0.076250 0.073333 0.107500
0 0.918333 0.913750 0.046667 0.077500
0 0.668333 0.331250 0.113333 0.192500
0 0.368333 0.903750 0.046667 0.082500
0 0.905833 0.287500 0.041667 0.065000
1 0.230833 0.121250 0.118333 0.142500
0 0.859167 0.573750 0.128333 0.202500
0 0.679167 0.227500 0.068333 0.080000
1 0.423333 0.496250 0.080000 0.167500
0 0.687500 0.415000 0.098333 0.150000
