0 0.868333 0.288750 0.060000 0.097500
3 0.198333 0.135000 0.066667 0.135000
3 0.815000 0.261250 0.096667 0.142500
3 0.143333 0.366250 0.026667 0.032500
0 0.173333 0.417500 0.040000 0.070000
3 0.818333 0.317500 0.093333 0.215000
0 0.927500 0.805000 0.108333 0.125000
0 0.495833 0.908750 0.068333 0.077500
0 0.605833 0.370000 0.105000 0.170000
1 0.294167 0.092500 0.078333 0.125000
2 0.380000 0.841250 0.046667 0.077500
2 0.440833 0.735000 0.025000 0.105000
2 0.344167 0.328750 0.075000 0.077500
3 0.502500 0.120000 0.041667 0.125000
3 0.345833 0.030000 0.025000 0.050000
0 0.284167 0.845000 0.135000 0.230000
0 0.799167 0.150000 0.131667 0.205000
3 0.398333 0.183750 0.070000 0.137500
