3 0.268333 0.046250 0.043333 0.062500
3 0.505833 0.532500 0.051667 0.065000
2 0.285000 0.331250 0.036667 0.047500
2 0.308333 0.866250 0.060000 0.157500
0 0.667500 0.108750 0.135000 0.217500
0 0.252500 0.315000 0.135000 0.165000
2 0.430000 0.200000 0.126667 0.195000
1 0.228333 0.398750 0.003333 0.002500
1 0.113333 0.733750 0.143333 0.132500
3 0.627500 0.426250 0.101667 0.117500
1 0.715000 0.335000 0.133333 0.140000
1 0.447500 0.752500 0.061667 0.105000
2 0.687500 0.483750 0.101667 0.097500
0 0.681667 0.317500 0.033333 0.065000
2 0.688333 0.310000 0.106667 0.165000
2 0.762500 0.250000 0.055000 0.235000
1 0.138333 0.436250 0.073333 0.102500
2 0.750833 0.782500 0.071667 0.115000
0 0.115833 0.150000 0.161667 0.260000
3 0.546667 0.332500 0.086667 0.115000
2 0.341667 0.482500 0.086667 0.080000
3 0.305833 0.666250 0.041667 0.082500
1 0.246667 0.795000 0.113333 0.175000
2 0.343333 0.635000 0.043333 0.050000
1 0.897500 0.690000 0.131667 0.170000
2 0.573333 0.297500 0.073333 0.105000
3 0.112500 0.642500 0.038333 0.110000
2 0.724167 0.295000 0.131667 0.215000
2 0.308333 0.642500 0.083333 0.235000
1 0.078333 0.067500 0.076667 0.085000
1 0.760000 0.197500 0.113333 0.225000
2 0.369167 0.847500 0.055000 0.080000
0 0.371667 0.161250 0.103333 0.122500
2 0.329167 0.931250 0.045000 0.067500
2 0.335833 0.725000 0.075000 0.130000
0 0.362500 0.882500 0.088333 0.135000
3 0.363333 0.846250 0.116667 0.147500
3 0.830833 0.310000 0.145000 0.155000
1 0.255833 0.380000 0.065000 0.080000
2 0.016667 0.160000 0.033333 0.055000
3 0.159167 0.180000 0.068333 0.125000
2 0.930000 0.273750 0.070000 0.102500
2 0.388333 0.348750 0.080000 0.122500
1 0.767500 0.461250 0.081667 0.132500
2 0.637500 0.190000 0.048333 0.055000
2 0.628333 0.716250 0.046667 0.062500
0 0.478333 0.833750 0.043333 0.067500
0 0.483333 0.433750 0.026667 0.062500
