3 0.786667 0.085000 0.126667 0.150000
1 0.163333 0.488750 0.060000 0.062500
1 0.146667 0.497500 0.063333 0.075000
0 0.113333 0.633750 0.043333 0.062500
3 0.041667 0.632500 0.080000 0.130000
0 0.180833 0.748750 0.065000 0.137500
1 0.367500 0.071250 0.081667 0.102500
3 0.569167 0.607500 0.051667 0.090000
0 0.164167 0.820000 0.151667 0.225000
3 0.808333 0.886250 0.036667 0.022500
0 0.646667 0.292500 0.050000 0.065000
1 0.278333 0.778750 0.040000 0.052500
0 0.396667 0.431250 0.070000 0.107500
1 0.106667 0.242500 0.126667 0.235000
3 0.176667 0.471250 0.093333 0.127500
