2 0.944167 0.306250 0.055000 0.082500
3 0.347500 0.833750 0.105000 0.122500
3 0.434167 0.198750 0.128333 0.127500
2 0.443333 0.608750 0.080000 0.102500
3 0.882500 0.370000 0.068333 0.065000
0 0.852500 0.782500 0.105000 0.165000
3 0.067500 0.250000 0.058333 0.040000
1 0.832500 0.363750 0.111667 0.187500
2 0.670833 0.441250 0.148333 0.212500
0 0.134167 0.852500 0.111667 0.260000
2 0.185833 0.816250 0.155000 0.162500
1 0.856667 0.560000 0.130000 0.215000
3 0.521667 0.811250 0.083333 0.142500
3 0.178333 0.253750 0.060000 0.057500
2 0.907500 0.840000 0.058333 0.075000
1 0.116667 0.806250 0.040000 0.062500
0 0.335833 0.403750 0.101667 0.177500
3 0.840833 0.041250 0.025000 0.042500
