2 0.652500 0.278750 0.145000 0.122500
2 0.874167 0.605000 0.095000 0.240000
1 0.172500 0.558750 0.178333 0.202500
2 0.281667 0.487500 0.070000 0.125000
2 0.851667 0.770000 0.030000 0.045000
3 0.642500 0.216250 0.088333 0.062500
1 0.919167 0.896250 0.061667 0.062500
3 0.641667 0.733750 0.116667 0.112500
1 0.078333 0.270000 0.146667 0.195000
1 0.200000 0.846250 0.066667 0.147500
2 0.332500 0.323750 0.051667 0.042500
3 0.504167 0.727500 0.075000 0.195000
1 0.500833 0.480000 0.078333 0.085000
1 0.898333 0.223750 0.036667 0.087500
2 0.418333 0.931250 0.043333 0.072500
1 0.499167 0.908750 0.035000 0.057500
2 0.779167 0.303750 0.081667 0.162500
0 0.745000 0.271250 0.063333 0.127500
0 0.242500 0.587500 0.065000 0.075000
0 0.422500 0.543750 0.128333 0.232500
2 0.035000 0.198750 0.046667 0.072500
2 0.521667 0.321250 0.036667 0.037500
1 0.373333 0.668750 0.056667 0.142500
1 0.603333 0.505000 0.143333 0.205000
3 0.617500 0.541250 0.051667 0.132500
1 0.892500 0.300000 0.095000 0.170000
0 0.740833 0.698750 0.038333 0.057500
