1 0.880000 0.298750 0.036667 0.072500
3 0.761667 0.693750 0.183333 0.137500
2 0.697500 0.245000 0.055000 0.150000
2 0.167500 0.358750 0.131667 0.212500
3 0.572500 0.946250 0.031667 0.057500
3 0.304167 0.538750 0.091667 0.077500
0 0.254167 0.612500 0.118333 0.205000
1 0.394167 0.447500 0.141667 0.215000
0 0.167500 0.376250 0.215000 0.292500
3 0.110833 0.261250 0.048333 0.097500
1 0.017500 0.501250 0.035000 0.097500
1 0.186667 0.340000 0.086667 0.115000
3 0.090000 0.618750 0.056667 0.067500
0 0.264167 0.428750 0.088333 0.162500
2 0.334167 0.780000 0.155000 0.180000
0 0.089167 0.515000 0.151667 0.210000
0 0.499167 0.196250 0.081667 0.142500
2 0.349167 0.386250 0.101667 0.197500
1 0.722500 0.792500 0.108333 0.130000
0 0.092500 0.457500 0.158333 0.215000
2 0.518333 0.750000 0.133333 0.105000
3 0.512500 0.810000 0.108333 0.100000
3 0.831667 0.345000 0.036667 0.075000
1 0.459167 0.126250 0.085000 0.207500
3 0.519167 0.453750 0.055000 0.132500
1 0.472500 0.098750 0.105000 0.127500
