1 0.266667 0.216250 0.076667 0.082500
2 0.147500 0.678750 0.121667 0.152500
2 0.432500 0.605000 0.078333 0.115000
1 0.612500 0.200000 0.061667 0.095000
3 0.170000 0.787500 0.030000 0.060000
2 0.107500 0.301250 0.065000 0.097500
3 0.589167 0.727500 0.061667 0.200000
2 0.507500 0.391250 0.081667 0.127500
2 0.928333 0.228750 0.093333 0.092500
3 0.135000 0.541250 0.090000 0.122500
1 0.715833 0.100000 0.108333 0.125000
0 0.590833 0.328750 0.135000 0.207500
1 0.880833 0.086250 0.108333 0.122500
3 0.425833 0.027500 0.038333 0.040000
2 0.567500 0.375000 0.121667 0.175000
3 0.222500 0.903750 0.068333 0.092500
2 0.738333 0.506250 0.066667 0.077500
3 0.025833 0.631250 0.035000 0.087500
2 0.603333 0.083750 0.106667 0.117500
3 0.048333 0.288750 0.020000 0.037500
2 0.307500 0.675000 0.118333 0.170000
1 0.290833 0.191250 0.078333 0.112500
3 0.420000 0.595000 0.110000 0.165000
0 0.160000 0.507500 0.133333 0.210000
2 0.067500 0.588750 0.045000 0.052500
3 0.612500 0.475000 0.058333 0.135000
0 0.310833 0.080000 0.035000 0.055000
3 0.871667 0.128750 0.126667 0.142500
1 0.863333 0.895000 0.040000 0.055000
1 0.404167 0.871250 0.058333 0.147500
1 0.152500 0.837500 0.075000 0.100000
