2 0.725833 0.515000 0.068333 0.205000
2 0.629167 0.653750 0.088333 0.172500
0 0.807500 0.267500 0.068333 0.095000
3 0.081667 0.613750 0.076667 0.182500
3 0.871667 0.128750 0.110000 0.152500
1 0.628333 0.195000 0.096667 0.195000
1 0.123333 0.350000 0.096667 0.200000
2 0.690833 0.705000 0.135000 0.170000
3 0.330833 0.440000 0.025000 0.050000
3 0.045000 0.461250 0.056667 0.112500
1 0.151667 0.147500 0.090000 0.115000
1 0.594167 0.426250 0.065000 0.107500
0 0.853333 0.742500 0.030000 0.065000
3 0.210833 0.338750 0.125000 0.162500
0 0.867500 0.588750 0.061667 0.097500
3 0.735833 0.818750 0.028333 0.022500
1 0.162500 0.075000 0.031667 0.035000
2 0.825000 0.862500 0.063333 0.110000
2 0.332500 0.371250 0.055000 0.037500
3 0.372500 0.135000 0.125000 0.125000
1 0.632500 0.806250 0.031667 0.052500
3 0.030833 0.458750 0.045000 0.107500
1 0.840000 0.486250 0.130000 0.162500
2 0.064167 0.632500 0.085000 0.170000
2 0.299167 0.328750 0.051667 0.077500
1 0.375000 0.165000 0.183333 0.240000
2 0.860833 0.613750 0.145000 0.132500
2 0.660000 0.851250 0.030000 0.052500
2 0.864167 0.745000 0.118333 0.165000
1 0.925000 0.496250 0.093333 0.102500
3 0.741667 0.090000 0.133333 0.150000
1 0.719167 0.636250 0.098333 0.142500
0 0.531667 0.433750 0.136667 0.212500
2 0.915833 0.205000 0.031667 0.075000
1 0.575000 0.261250 0.130000 0.162500
1 0.265000 0.323750 0.113333 0.177500
2 0.385000 0.082500 0.146667 0.125000
3 0.030000 0.087500 0.023333 0.080000
2 0.699167 0.543750 0.138333 0.202500
3 0.205000 0.360000 0.040000 0.035000
3 0.779167 0.143750 0.121667 0.092500
2 0.894167 0.147500 0.071667 0.130000
2 0.123333 0.602500 0.093333 0.055000
0 0.876667 0.388750 0.140000 0.162500
3 0.768333 0.193750 0.086667 0.097500
