0 0.088333 0.692500 0.146667 0.250000
3 0.833333 0.853750 0.060000 0.097500
1 0.543333 0.265000 0.090000 0.085000
1 0.421667 0.788750 0.113333 0.207500
2 0.114167 0.056250 0.038333 0.047500
0 0.800833 0.405000 0.151667 0.175000
1 0.222500 0.681250 0.085000 0.187500
2 0.225833 0.580000 0.031667 0.065000
1 0.610833 0.791250 0.108333 0.147500
3 0.313333 0.672500 0.123333 0.200000
2 0.708333 0.283750 0.080000 0.112500
3 0.090833 0.141250 0.051667 0.032500
3 0.177500 0.125000 0.021667 0.080000
0 0.906667 0.731250 0.090000 0.157500
3 0.797500 0.046250 0.101667 0.082500
2 0.393333 0.925000 0.046667 0.055000
3 0.728333 0.245000 0.046667 0.040000
3 0.728333 0.780000 0.223333 0.225000
3 0.168333 0.598750 0.060000 0.137500
3 0.050833 0.565000 0.091667 0.120000
0 0.280833 0.915000 0.088333 0.110000
2 0.820000 0.130000 0.120000 0.195000
1 0.382500 0.377500 0.091667 0.135000
3 0.577500 0.820000 0.101667 0.115000
3 0.329167 0.243750 0.068333 0.112500
3 0.313333 0.223750 0.106667 0.142500
0 0.551667 0.130000 0.130000 0.180000
3 0.687500 0.880000 0.051667 0.050000
3 0.755000 0.446250 0.060000 0.077500
3 0.589167 0.112500 0.138333 0.155000
3 0.680833 0.772500 0.101667 0.160000
1 0.218333 0.347500 0.096667 0.220000
3 0.723333 0.806250 0.113333 0.117500
2 0.406667 0.140000 0.046667 0.070000
3 0.719167 0.642500 0.018333 0.050000
2 0.074167 0.263750 0.001667 0.112500
0 0.681667 0.125000 0.146667 0.215000
2 0.064167 0.403750 0.075000 0.107500
0 0.145000 0.216250 0.036667 0.047500
2 0.319167 0.426250 0.101667 0.112500
1 0.483333 0.070000 0.066667 0.135000
