1 0.280000 0.811250 0.070000 0.092500
2 0.383333 0.177500 0.096667 0.125000
1 0.796667 0.152500 0.040000 0.050000
3 0.502500 0.431250 0.115000 0.112500
0 0.201667 0.886250 0.060000 0.077500
1 0.117500 0.395000 0.105000 0.150000
2 0.780833 0.802500 0.078333 0.100000
3 0.806667 0.555000 0.083333 0.085000
1 0.134167 0.275000 0.058333 0.065000
3 0.181667 0.265000 0.060000 0.095000
3 0.646667 0.808750 0.050000 0.077500
0 0.772500 0.521250 0.135000 0.197500
3 0.255833 0.488750 0.081667 0.127500
3 0.882500 0.615000 0.068333 0.070000
0 0.200833 0.248750 0.165000 0.212500
2 0.470000 0.651250 0.040000 0.102500
3 0.775833 0.308750 0.098333 0.092500
2 0.939167 0.916250 0.058333 0.087500
1 0.721667 0.705000 0.093333 0.100000
0 0.685833 0.735000 0.105000 0.175000
3 0.707500 0.496250 0.048333 0.092500
3 0.525833 0.088750 0.111667 0.087500
2 0.068333 0.340000 0.043333 0.065000
1 0.170833 0.222500 0.071667 0.115000
2 0.523333 0.695000 0.066667 0.190000
1 0.453333 0.471250 0.066667 0.087500
2 0.725833 0.472500 0.055000 0.205000
1 0.260833 0.481250 0.095000 0.112500
0 0.058333 0.301250 0.050000 0.057500
3 0.694167 0.326250 0.038333 0.092500
3 0.282500 0.273750 0.051667 0.102500
0 0.395000 0.771250 0.063333 0.077500
1 0.357500 0.321250 0.035000 0.042500
2 0.515833 0.410000 0.051667 0.215000
1 0.738333 0.087500 0.023333 0.055000
2 0.938333 0.225000 0.073333 0.130000
1 0.082500 0.133750 0.055000 0.087500
3 0.613333 0.266250 0.063333 0.062500
1 0.740000 0.677500 0.060000 0.095000
0 0.284167 0.575000 0.108333 0.200000
