3 0.422500 0.276250 0.091667 0.162500
1 0.583333 0.081250 0.093333 0.132500
1 0.631667 0.170000 0.130000 0.225000
2 0.071667 0.291250 0.073333 0.137500
0 0.747500 0.487500 0.171667 0.260000
2 0.265000 0.213750 0.106667 0.107500
3 0.812500 0.590000 0.051667 0.110000
1 0.065833 0.735000 0.111667 0.165000
2 0.310000 0.726250 0.180000 0.187500
2 0.423333 0.613750 0.070000 0.102500
2 0.393333 0.186250 0.050000 0.082500
0 0.665833 0.738750 0.148333 0.217500
1 0.738333 0.476250 0.050000 0.072500
0 0.425000 0.277500 0.076667 0.155000
1 0.045000 0.692500 0.040000 0.085000
3 0.896667 0.867500 0.050000 0.110000
0 0.371667 0.282500 0.053333 0.080000
3 0.796667 0.113750 0.036667 0.052500
1 0.471667 0.585000 0.136667 0.200000
3 0.499167 0.042500 0.021667 0.045000
2 0.380833 0.393750 0.088333 0.142500
3 0.447500 0.272500 0.055000 0.040000
2 0.400000 0.455000 0.123333 0.150000
3 0.679167 0.873750 0.028333 0.027500
1 0.593333 0.203750 0.040000 0.077500
1 0.201667 0.428750 0.150000 0.182500
2 0.037500 0.125000 0.061667 0.040000
1 0.761667 0.767500 0.090000 0.150000
1 0.339167 0.842500 0.081667 0.130000
2 0.606667 0.205000 0.076667 0.100000
1 0.831667 0.656250 0.040000 0.052500
1 0.550833 0.085000 0.045000 0.055000
2 0.395000 0.483750 0.050000 0.112500
0 0.735833 0.333750 0.151667 0.257500
1 0.609167 0.810000 0.068333 0.085000
