1 0.749167 0.198750 0.281667 0.262500
0 0.799167 0.207500 0.071667 0.080000
2 0.905000 0.067500 0.113333 0.135000
0 0.768333 0.927500 0.090000 0.135000
1 0.677500 0.146250 0.115000 0.172500
1 0.074167 0.817500 0.121667 0.165000
0 0.230833 0.827500 0.071667 0.110000
2 0.950000 0.298750 0.033333 0.052500
0 0.489167 0.516250 0.048333 0.072500
3 0.610000 0.348750 0.123333 0.137500
3 0.367500 0.483750 0.078333 0.077500
0 0.180000 0.271250 0.096667 0.137500
3 0.278333 0.097500 0.086667 0.100000
1 0.165833 0.520000 0.068333 0.090000
2 0.145833 0.631250 0.121667 0.122500
2 0.301667 0.656250 0.053333 0.117500
2 0.484167 0.913750 0.085000 0.102500
3 0.252500 0.257500 0.061667 0.135000
2 0.704167 0.358750 0.045000 0.052500
3 0.112500 0.221250 0.135000 0.157500
2 0.400833 0.406250 0.125000 0.137500
1 0.926667 0.742500 0.026667 0.045000
3 0.477500 0.330000 0.078333 0.185000
3 0.775833 0.083750 0.065000 0.067500
2 0.120000 0.275000 0.113333 0.190000
1 0.073333 0.343750 0.123333 0.177500
1 0.240833 0.596250 0.091667 0.117500
0 0.655000 0.538750 0.066667 0.077500
