2 0.078333 0.135000 0.070000 0.075000
0 0.519167 0.100000 0.091667 0.185000
1 0.422500 0.140000 0.091667 0.140000
3 0.647500 0.725000 0.038333 0.100000
1 0.340000 0.257500 0.126667 0.185000
2 0.256667 0.521250 0.056667 0.077500
3 0.399167 0.062500 0.105000 0.105000
2 0.899167 0.303750 0.051667 0.102500
1 0.593333 0.330000 0.056667 0.090000
1 0.858333 0.572500 0.016667 0.045000
0 0.704167 0.807500 0.078333 0.120000
1 0.509167 0.290000 0.041667 0.060000
3 0.095000 0.441250 0.113333 0.152500
3 0.357500 0.372500 0.121667 0.095000
1 0.342500 0.633750 0.081667 0.087500
1 0.253333 0.422500 0.033333 0.065000
0 0.473333 0.086250 0.136667 0.162500
1 0.103333 0.688750 0.066667 0.082500
1 0.635000 0.805000 0.130000 0.155000
