3 0.173333 0.576250 0.096667 0.147500
0 0.750833 0.572500 0.131667 0.185000
3 0.611667 0.387500 0.023333 0.045000
2 0.862500 0.282500 0.091667 0.100000
3 0.323333 0.750000 0.113333 0.130000
2 0.886667 0.548750 0.073333 0.227500
0 0.309167 0.410000 0.101667 0.155000
2 0.336667 0.850000 0.093333 0.140000
2 0.462500 0.883750 0.035000 0.032500
1 0.875833 0.375000 0.135000 0.200000
0 0.653333 0.463750 0.100000 0.152500
0 0.490000 0.711250 0.110000 0.222500
3 0.629167 0.817500 0.125000 0.105000
1 0.186667 0.913750 0.053333 0.097500
0 0.320000 0.725000 0.036667 0.060000
1 0.163333 0.702500 0.133333 0.160000
0 0.815000 0.163750 0.180000 0.217500
3 0.403333 0.063750 0.060000 0.067500
1 0.293333 0.636250 0.103333 0.137500
0 0.089167 0.448750 0.058333 0.092500
2 0.374167 0.886250 0.131667 0.137500
1 0.904167 0.906250 0.068333 0.072500
1 0.861667 0.307500 0.053333 0.070000
2 0.126667 0.483750 0.126667 0.137500
1 0.740833 0.770000 0.081667 0.095000
0 0.685833 0.770000 0.165000 0.205000
3 0.680833 0.901250 0.031667 0.057500
3 0.599167 0.625000 0.105000 0.140000
