0 0.157500 0.760000 0.105000 0.165000
2 0.395000 0.765000 0.096667 0.120000
2 0.218333 0.185000 0.126667 0.165000
1 0.300833 0.816250 0.108333 0.137500
3 0.391667 0.083750 0.053333 0.042500
2 0.256667 0.661250 0.090000 0.207500
1 0.896667 0.642500 0.090000 0.150000
0 0.762500 0.845000 0.051667 0.060000
1 0.804167 0.287500 0.041667 0.085000
0 0.364167 0.320000 0.081667 0.125000
0 0.253333 0.677500 0.093333 0.155000
2 0.399167 0.228750 0.031667 0.037500
1 0.893333 0.177500 0.036667 0.040000
2 0.171667 0.617500 0.070000 0.160000
0 0.342500 0.410000 0.038333 0.060000
0 0.091667 0.525000 0.096667 0.150000
2 0.386667 0.327500 0.066667 0.105000
3 0.221667 0.787500 0.126667 0.120000
1 0.119167 0.193750 0.045000 0.082500
2 0.336667 0.723750 0.073333 0.082500
1 0.344167 0.416250 0.095000 0.102500
0 0.092500 0.582500 0.131667 0.225000
2 0.238333 0.236250 0.053333 0.092500
2 0.398333 0.776250 0.033333 0.072500
1 0.426667 0.188750 0.036667 0.052500
3 0.640833 0.710000 0.041667 0.055000
0 0.286667 0.735000 0.063333 0.115000
3 0.694167 0.475000 0.035000 0.040000
0 0.331667 0.395000 0.150000 0.185000
1 0.565833 0.606250 0.065000 0.092500
3 0.338333 0.656250 0.016667 0.037500
3 0.745833 0.682500 0.055000 0.185000
