1 0.700833 0.151250 0.051667 0.072500
3 0.754167 0.721250 0.095000 0.077500
0 0.550833 0.720000 0.135000 0.225000
1 0.483333 0.656250 0.096667 0.187500
0 0.822500 0.833750 0.071667 0.107500
2 0.642500 0.335000 0.105000 0.145000
1 0.487500 0.711250 0.035000 0.072500
1 0.614167 0.373750 0.088333 0.222500
3 0.060000 0.946250 0.030000 0.052500
0 0.147500 0.910000 0.065000 0.095000
1 0.440000 0.360000 0.060000 0.080000
3 0.610833 0.445000 0.085000 0.125000
0 0.303333 0.530000 0.040000 0.065000
3 0.904167 0.503750 0.091667 0.092500
0 0.196667 0.231250 0.083333 0.122500
1 0.791667 0.850000 0.200000 0.210000
2 0.711667 0.488750 0.076667 0.197500
0 0.807500 0.827500 0.221667 0.265000
3 0.091667 0.405000 0.086667 0.105000
3 0.360000 0.093750 0.116667 0.147500
2 0.150833 0.233750 0.015000 0.067500
1 0.117500 0.347500 0.095000 0.165000
3 0.372500 0.115000 0.068333 0.135000
2 0.183333 0.783750 0.196667 0.282500
1 0.525000 0.550000 0.050000 0.090000
1 0.112500 0.565000 0.091667 0.105000
2 0.069167 0.585000 0.041667 0.050000
0 0.717500 0.168750 0.115000 0.172500
3 0.540833 0.347500 0.095000 0.165000
1 0.633333 0.782500 0.066667 0.170000
3 0.107500 0.120000 0.115000 0.140000
1 0.120833 0.487500 0.101667 0.130000
0 0.055833 0.362500 0.058333 0.090000
3 0.135000 0.218750 0.023333 0.032500
2 0.055833 0.625000 0.085000 0.080000
0 0.107500 0.337500 0.061667 0.090000
