1 0.050833 0.702500 0.091667 0.155000
3 0.440833 0.236250 0.055000 0.052500
1 0.060833 0.227500 0.031667 0.045000
1 0.823333 0.600000 0.080000 0.090000
0 0.644167 0.392500 0.158333 0.240000
0 0.346667 0.750000 0.093333 0.135000
0 0.565000 0.655000 0.060000 0.085000
0 0.905833 0.757500 0.065000 0.150000
1 0.719167 0.287500 0.045000 0.095000
3 0.395833 0.592500 0.118333 0.105000
3 0.956667 0.751250 0.036667 0.032500
2 0.335000 0.078750 0.140000 0.147500
1 0.764167 0.065000 0.091667 0.100000
0 0.367500 0.348750 0.148333 0.237500
0 0.766667 0.616250 0.096667 0.177500
0 0.510000 0.193750 0.153333 0.227500
2 0.737500 0.681250 0.118333 0.137500
2 0.289167 0.085000 0.085000 0.065000
3 0.649167 0.761250 0.035000 0.022500
0 0.596667 0.523750 0.136667 0.197500
0 0.060833 0.557500 0.065000 0.110000
0 0.558333 0.835000 0.110000 0.125000
3 0.317500 0.325000 0.038333 0.055000
0 0.177500 0.723750 0.098333 0.147500
1 0.825833 0.667500 0.105000 0.180000
0 0.158333 0.862500 0.043333 0.065000
0 0.057500 0.118750 0.061667 0.132500
1 0.611667 0.493750 0.036667 0.067500
3 0.188333 0.277500 0.116667 0.130000
3 0.875000 0.145000 0.043333 0.115000
3 0.608333 0.377500 0.110000 0.155000
1 0.546667 0.633750 0.043333 0.057500
3 0.591667 0.610000 0.083333 0.185000
1 0.460000 0.165000 0.116667 0.180000
3 0.760000 0.141250 0.056667 0.062500
