1 0.884167 0.642500 0.071667 0.085000
0 0.929167 0.236250 0.071667 0.107500
3 0.220833 0.810000 0.048333 0.050000
2 0.846667 0.277500 0.090000 0.155000
3 0.450833 0.452500 0.048333 0.045000
2 0.103333 0.338750 0.070000 0.107500
3 0.797500 0.430000 0.115000 0.090000
1 0.490000 0.121250 0.093333 0.112500
3 0.843333 0.211250 0.050000 0.137500
2 0.554167 0.677500 0.045000 0.045000
1 0.103333 0.087500 0.043333 0.070000
3 0.191667 0.307500 0.096667 0.085000
3 0.953333 0.380000 0.056667 0.045000
3 0.195000 0.198750 0.073333 0.137500
0 0.571667 0.127500 0.103333 0.170000
3 0.440000 0.233750 0.046667 0.042500
1 0.791667 0.305000 0.123333 0.190000
