3 0.393333 0.868750 0.070000 0.132500
0 0.465833 0.842500 0.158333 0.185000
0 0.637500 0.821250 0.138333 0.272500
3 0.443333 0.437500 0.043333 0.065000
3 0.141667 0.807500 0.130000 0.110000
3 0.531667 0.745000 0.063333 0.160000
3 0.113333 0.112500 0.126667 0.150000
2 0.390833 0.301250 0.108333 0.177500
0 0.530000 0.470000 0.053333 0.085000
0 0.542500 0.262500 0.145000 0.255000
2 0.573333 0.626250 0.053333 0.137500
3 0.395833 0.448750 0.051667 0.057500
1 0.090000 0.868750 0.083333 0.157500
2 0.135833 0.843750 0.045000 0.102500
2 0.190833 0.076250 0.051667 0.052500
1 0.527500 0.841250 0.075000 0.112500
1 0.310833 0.612500 0.091667 0.110000
3 0.939167 0.515000 0.025000 0.050000
1 0.715833 0.322500 0.101667 0.165000
1 0.476667 0.672500 0.103333 0.135000
1 0.665000 0.420000 0.100000 0.120000
2 0.464167 0.848750 0.025000 0.052500
1 0.679167 0.557500 0.115000 0.155000
0 0.687500 0.627500 0.161667 0.225000
0 0.907500 0.053750 0.048333 0.072500
2 0.472500 0.766250 0.105000 0.162500
1 0.666667 0.786250 0.093333 0.177500
2 0.785000 0.485000 0.153333 0.205000
3 0.586667 0.212500 0.040000 0.050000
3 0.568333 0.265000 0.036667 0.090000
2 0.750000 0.807500 0.070000 0.095000
1 0.653333 0.423750 0.086667 0.127500
1 0.062500 0.307500 0.051667 0.110000
1 0.952500 0.482500 0.055000 0.080000
0 0.370000 0.261250 0.070000 0.097500
3 0.702500 0.590000 0.048333 0.055000
2 0.342500 0.587500 0.058333 0.110000
2 0.202500 0.415000 0.068333 0.075000
