2 0.830000 0.832500 0.086667 0.165000
2 0.110000 0.695000 0.170000 0.170000
1 0.391667 0.471250 0.090000 0.207500
2 0.191667 0.080000 0.086667 0.145000
0 0.076667 0.708750 0.146667 0.247500
0 0.416667 0.207500 0.080000 0.125000
1 0.935000 0.583750 0.066667 0.062500
1 0.605000 0.653750 0.006667 0.002500
2 0.874167 0.506250 0.135000 0.247500
0 0.536667 0.772500 0.073333 0.110000
0 0.155833 0.605000 0.035000 0.080000
2 0.367500 0.800000 0.111667 0.065000
2 0.117500 0.520000 0.105000 0.100000
0 0.086667 0.378750 0.056667 0.077500
1 0.846667 0.795000 0.116667 0.210000
1 0.625000 0.096250 0.110000 0.117500
2 0.051667 0.088750 0.050000 0.072500
3 0.373333 0.483750 0.063333 0.192500
1 0.816667 0.353750 0.066667 0.087500
3 0.347500 0.562500 0.055000 0.035000
1 0.675000 0.413750 0.073333 0.092500
2 0.511667 0.467500 0.096667 0.155000
2 0.565833 0.447500 0.098333 0.150000
0 0.327500 0.723750 0.168333 0.247500
2 0.377500 0.191250 0.131667 0.177500
0 0.737500 0.620000 0.041667 0.070000
0 0.281667 0.720000 0.126667 0.245000
0 0.670833 0.392500 0.118333 0.180000
0 0.463333 0.157500 0.116667 0.175000
1 0.560000 0.270000 0.070000 0.080000
2 0.522500 0.410000 0.151667 0.245000
1 0.105000 0.326250 0.040000 0.047500
2 0.368333 0.256250 0.093333 0.157500
0 0.447500 0.081250 0.088333 0.127500
3 0.140833 0.712500 0.101667 0.105000
0 0.667500 0.845000 0.078333 0.115000
3 0.461667 0.188750 0.096667 0.112500
