3 0.784167 0.488750 0.058333 0.177500
2 0.453333 0.878750 0.046667 0.082500
0 0.603333 0.721250 0.120000 0.217500
2 0.706667 0.675000 0.190000 0.250000
0 0.916667 0.581250 0.083333 0.127500
1 0.805000 0.112500 0.040000 0.045000
3 0.461667 0.283750 0.040000 0.097500
3 0.802500 0.118750 0.098333 0.127500
0 0.332500 0.427500 0.121667 0.180000
0 0.137500 0.896250 0.091667 0.137500
3 0.681667 0.272500 0.090000 0.085000
3 0.845833 0.281250 0.058333 0.112500
2 0.722500 0.271250 0.025000 0.052500
2 0.657500 0.460000 0.121667 0.185000
3 0.365000 0.716250 0.106667 0.172500
3 0.845000 0.208750 0.043333 0.057500
1 0.571667 0.041250 0.036667 0.047500
1 0.723333 0.855000 0.053333 0.060000
2 0.337500 0.123750 0.095000 0.147500
2 0.791667 0.755000 0.056667 0.225000
1 0.585000 0.770000 0.120000 0.210000
1 0.160833 0.675000 0.055000 0.085000
3 0.522500 0.651250 0.081667 0.072500
3 0.709167 0.520000 0.041667 0.060000
1 0.403333 0.186250 0.073333 0.087500
0 0.799167 0.223750 0.115000 0.172500
3 0.500000 0.353750 0.086667 0.162500
3 0.338333 0.920000 0.030000 0.050000
1 0.790000 0.670000 0.073333 0.105000
2 0.767500 0.817500 0.111667 0.160000
1 0.734167 0.371250 0.038333 0.047500
2 0.416667 0.293750 0.093333 0.137500
0 0.782500 0.450000 0.051667 0.085000
2 0.351667 0.672500 0.106667 0.160000
0 0.605833 0.586250 0.088333 0.102500
1 0.557500 0.788750 0.148333 0.167500
3 0.210000 0.350000 0.096667 0.125000
0 0.120000 0.725000 0.106667 0.160000
0 0.648333 0.655000 0.140000 0.220000
0 0.359167 0.322500 0.141667 0.225000
3 0.770000 0.961250 0.026667 0.027500
2 0.607500 0.067500 0.055000 0.080000
