3 0.792500 0.812500 0.075000 0.075000
3 0.204167 0.155000 0.111667 0.085000
2 0.754167 0.132500 0.078333 0.100000
2 0.225833 0.256250 0.025000 0.087500
2 0.060000 0.518750 0.043333 0.062500
2 0.385000 0.885000 0.186667 0.195000
0 0.874167 0.278750 0.125000 0.192500
3 0.585000 0.443750 0.046667 0.057500
0 0.710000 0.435000 0.096667 0.120000
1 0.639167 0.322500 0.121667 0.165000
0 0.108333 0.785000 0.143333 0.210000
0 0.508333 0.622500 0.083333 0.140000
2 0.689167 0.733750 0.038333 0.057500
2 0.527500 0.122500 0.035000 0.055000
1 0.200000 0.067500 0.086667 0.120000
2 0.399167 0.478750 0.135000 0.152500
2 0.565833 0.830000 0.098333 0.065000
3 0.616667 0.852500 0.023333 0.045000
1 0.616667 0.270000 0.040000 0.045000
2 0.212500 0.642500 0.078333 0.130000
1 0.515000 0.152500 0.080000 0.110000
0 0.797500 0.908750 0.075000 0.107500
0 0.659167 0.405000 0.065000 0.120000
3 0.782500 0.393750 0.085000 0.157500
2 0.128333 0.570000 0.133333 0.175000
1 0.755000 0.276250 0.140000 0.182500
1 0.830000 0.736250 0.150000 0.187500
0 0.910000 0.812500 0.096667 0.140000
2 0.740000 0.750000 0.133333 0.165000
0 0.408333 0.028750 0.046667 0.057500
2 0.580833 0.742500 0.038333 0.060000
2 0.825833 0.828750 0.055000 0.142500
0 0.199167 0.130000 0.088333 0.135000
0 0.189167 0.815000 0.141667 0.200000
3 0.256667 0.208750 0.070000 0.152500
3 0.740000 0.131250 0.093333 0.072500
2 0.325833 0.808750 0.041667 0.057500
0 0.427500 0.111250 0.131667 0.157500
1 0.390833 0.562500 0.118333 0.135000
1 0.667500 0.355000 0.101667 0.095000
3 0.569167 0.062500 0.025000 0.060000
3 0.421667 0.063750 0.126667 0.127500
2 0.286667 0.701250 0.106667 0.162500
3 0.641667 0.217500 0.043333 0.090000
