0 0.711667 0.716250 0.153333 0.222500
3 0.250833 0.098750 0.041667 0.072500
3 0.130000 0.593750 0.093333 0.117500
1 0.795833 0.867500 0.048333 0.085000
1 0.352500 0.112500 0.041667 0.085000
1 0.821667 0.381250 0.096667 0.112500
0 0.330000 0.408750 0.166667 0.287500
0 0.297500 0.411250 0.138333 0.207500
1 0.328333 0.900000 0.076667 0.095000
2 0.487500 0.733750 0.005000 0.127500
1 0.579167 0.063750 0.068333 0.117500
2 0.870000 0.380000 0.173333 0.220000
2 0.542500 0.605000 0.121667 0.170000
0 0.264167 0.122500 0.151667 0.220000
1 0.123333 0.520000 0.093333 0.115000
0 0.605000 0.790000 0.050000 0.075000
1 0.573333 0.762500 0.086667 0.110000
3 0.875000 0.466250 0.176667 0.297500
2 0.807500 0.623750 0.031667 0.052500
3 0.378333 0.377500 0.123333 0.110000
2 0.684167 0.653750 0.115000 0.172500
0 0.804167 0.468750 0.135000 0.202500
2 0.276667 0.866250 0.096667 0.107500
1 0.265000 0.356250 0.143333 0.212500
1 0.580000 0.385000 0.100000 0.190000
2 0.820833 0.802500 0.101667 0.235000
3 0.728333 0.357500 0.050000 0.060000
1 0.767500 0.572500 0.075000 0.065000
1 0.575000 0.907500 0.056667 0.070000
2 0.337500 0.177500 0.111667 0.215000
