1 0.878333 0.861250 0.070000 0.142500
3 0.026667 0.336250 0.026667 0.087500
0 0.820000 0.257500 0.040000 0.085000
0 0.926667 0.770000 0.046667 0.060000
0 0.490000 0.842500 0.046667 0.080000
0 0.768333 0.206250 0.150000 0.237500
0 0.799167 0.181250 0.041667 0.057500
3 0.105000 0.937500 0.056667 0.090000
1 0.195000 0.417500 0.083333 0.135000
0 0.250000 0.600000 0.046667 0.085000
2 0.422500 0.765000 0.135000 0.205000
3 0.663333 0.241250 0.070000 0.047500
2 0.885833 0.612500 0.051667 0.080000
3 0.185833 0.486250 0.105000 0.122500
1 0.883333 0.500000 0.163333 0.185000
1 0.283333 0.832500 0.066667 0.085000
0 0.903333 0.341250 0.110000 0.192500
0 0.092500 0.412500 0.078333 0.095000
0 0.234167 0.437500 0.081667 0.135000
2 0.696667 0.878750 0.076667 0.072500
0 0.799167 0.675000 0.145000 0.245000
3 0.788333 0.366250 0.130000 0.112500
0 0.393333 0.741250 0.106667 0.207500
2 0.852500 0.483750 0.078333 0.117500
3 0.291667 0.478750 0.076667 0.157500
2 0.737500 0.745000 0.125000 0.145000
1 0.359167 0.856250 0.075000 0.157500
2 0.160000 0.863750 0.093333 0.147500
1 0.643333 0.678750 0.026667 0.032500
1 0.861667 0.278750 0.070000 0.137500
3 0.634167 0.336250 0.045000 0.052500
1 0.239167 0.558750 0.041667 0.067500
1 0.538333 0.871250 0.003333 0.002500
2 0.859167 0.107500 0.111667 0.190000
0 0.555833 0.166250 0.088333 0.157500
2 0.541667 0.327500 0.130000 0.125000
2 0.311667 0.312500 0.043333 0.060000
0 0.210833 0.217500 0.068333 0.090000
0 0.696667 0.128750 0.123333 0.197500
2 0.661667 0.231250 0.130000 0.247500
2 0.453333 0.796250 0.056667 0.092500
2 0.642500 0.248750 0.065000 0.097500
0 0.074167 0.318750 0.101667 0.127500
3 0.177500 0.505000 0.058333 0.050000
3 0.639167 0.203750 0.071667 0.087500
0 0.138333 0.791250 0.200000 0.277500
1 0.710833 0.431250 0.028333 0.062500
