1 0.836667 0.438750 0.090000 0.107500
2 0.632500 0.847500 0.055000 0.085000
0 0.424167 0.198750 0.178333 0.262500
2 0.871667 0.527500 0.220000 0.315000
3 0.815833 0.827500 0.015000 0.040000
2 0.834167 0.797500 0.045000 0.065000
3 0.793333 0.823750 0.193333 0.162500
0 0.053333 0.651250 0.046667 0.077500
2 0.435833 0.116250 0.085000 0.122500
0 0.450000 0.855000 0.036667 0.055000
2 0.205833 0.421250 0.108333 0.172500
0 0.510833 0.937500 0.031667 0.055000
1 0.565000 0.708750 0.070000 0.112500
1 0.515833 0.696250 0.035000 0.042500
0 0.695833 0.262500 0.085000 0.125000
1 0.945833 0.915000 0.065000 0.090000
3 0.197500 0.137500 0.115000 0.125000
3 0.442500 0.551250 0.088333 0.137500
3 0.501667 0.556250 0.053333 0.052500
1 0.377500 0.606250 0.071667 0.147500
2 0.855833 0.303750 0.065000 0.082500
2 0.760000 0.242500 0.093333 0.140000
3 0.483333 0.516250 0.066667 0.112500
2 0.795833 0.551250 0.095000 0.142500
3 0.125833 0.672500 0.081667 0.090000
2 0.215000 0.306250 0.063333 0.107500
1 0.680833 0.531250 0.045000 0.107500
0 0.214167 0.185000 0.091667 0.120000
3 0.339167 0.106250 0.055000 0.142500
0 0.500833 0.171250 0.108333 0.132500
2 0.222500 0.806250 0.038333 0.057500
0 0.846667 0.438750 0.083333 0.112500
3 0.629167 0.172500 0.191667 0.190000
3 0.707500 0.551250 0.108333 0.117500
0 0.586667 0.125000 0.063333 0.100000
3 0.828333 0.868750 0.036667 0.057500
0 0.039167 0.682500 0.038333 0.075000
0 0.820833 0.760000 0.105000 0.155000
1 0.692500 0.673750 0.108333 0.152500
0 0.326667 0.730000 0.133333 0.195000
3 0.219167 0.610000 0.138333 0.240000
2 0.179167 0.612500 0.138333 0.145000
1 0.176667 0.467500 0.070000 0.095000
2 0.078333 0.422500 0.063333 0.190000
0 0.899167 0.318750 0.115000 0.227500
2 0.267500 0.328750 0.218333 0.312500
0 0.121667 0.845000 0.093333 0.105000
1 0.800000 0.226250 0.126667 0.157500
2 0.785000 0.941250 0.043333 0.047500
