2 0.137500 0.206250 0.038333 0.052500
0 0.570833 0.213750 0.031667 0.042500
1 0.827500 0.317500 0.141667 0.160000
2 0.755000 0.395000 0.146667 0.170000
1 0.181667 0.066250 0.036667 0.052500
1 0.241667 0.635000 0.053333 0.075000
0 0.807500 0.315000 0.115000 0.185000
1 0.888333 0.773750 0.123333 0.217500
2 0.180833 0.550000 0.131667 0.205000
2 0.450000 0.175000 0.120000 0.190000
2 0.065833 0.813750 0.131667 0.162500
0 0.455000 0.478750 0.070000 0.102500
0 0.302500 0.647500 0.168333 0.240000
1 0.107500 0.146250 0.098333 0.107500
0 0.681667 0.607500 0.070000 0.105000
2 0.896667 0.341250 0.040000 0.072500
0 0.708333 0.717500 0.063333 0.095000
1 0.090000 0.101250 0.060000 0.082500
0 0.209167 0.355000 0.148333 0.265000
3 0.811667 0.901250 0.033333 0.022500
1 0.365000 0.641250 0.080000 0.127500
3 0.555000 0.796250 0.106667 0.162500
0 0.712500 0.075000 0.031667 0.040000
3 0.024167 0.442500 0.048333 0.150000
1 0.841667 0.252500 0.086667 0.090000
0 0.198333 0.848750 0.113333 0.167500
0 0.500833 0.508750 0.095000 0.142500
3 0.502500 0.313750 0.128333 0.087500
3 0.557500 0.330000 0.091667 0.090000
0 0.171667 0.688750 0.040000 0.052500
1 0.960833 0.531250 0.041667 0.052500
1 0.434167 0.762500 0.145000 0.280000
1 0.425833 0.920000 0.041667 0.085000
3 0.330833 0.655000 0.085000 0.145000
0 0.472500 0.342500 0.171667 0.205000
0 0.528333 0.273750 0.076667 0.117500
3 0.492500 0.097500 0.051667 0.065000
1 0.508333 0.860000 0.096667 0.125000
0 0.675833 0.843750 0.108333 0.162500
