2 0.042500 0.297500 0.048333 0.060000
1 0.837500 0.065000 0.061667 0.105000
0 0.453333 0.101250 0.150000 0.202500
3 0.538333 0.043750 0.046667 0.067500
0 0.484167 0.726250 0.128333 0.192500
2 0.420000 0.107500 0.046667 0.075000
3 0.891667 0.055000 0.083333 0.100000
1 0.438333 0.328750 0.126667 0.162500
1 0.270000 0.492500 0.140000 0.165000
0 0.854167 0.538750 0.145000 0.227500
2 0.430833 0.795000 0.031667 0.095000
0 0.383333 0.545000 0.043333 0.065000
2 0.248333 0.833750 0.036667 0.052500
0 0.885000 0.610000 0.140000 0.175000
0 0.660833 0.520000 0.121667 0.200000
3 0.697500 0.436250 0.121667 0.122500
0 0.748333 0.315000 0.166667 0.250000
3 0.840000 0.703750 0.086667 0.162500
2 0.772500 0.191250 0.085000 0.137500
2 0.455000 0.347500 0.106667 0.110000
1 0.706667 0.345000 0.076667 0.095000
3 0.810000 0.192500 0.070000 0.105000
3 0.383333 0.573750 0.063333 0.117500
0 0.192500 0.477500 0.045000 0.065000
3 0.913333 0.927500 0.036667 0.035000
1 0.850000 0.330000 0.063333 0.110000
