0 0.064167 0.882500 0.121667 0.145000
0 0.088333 0.472500 0.126667 0.270000
1 0.493333 0.788750 0.136667 0.187500
0 0.685000 0.223750 0.150000 0.282500
0 0.636667 0.703750 0.036667 0.072500
1 0.585833 0.203750 0.045000 0.092500
0 0.858333 0.755000 0.083333 0.135000
1 0.610833 0.620000 0.035000 0.040000
0 0.104167 0.146250 0.058333 0.087500
2 0.555000 0.598750 0.063333 0.082500
0 0.467500 0.763750 0.125000 0.182500
2 0.954167 0.245000 0.011667 0.255000
1 0.865833 0.327500 0.115000 0.230000
0 0.558333 0.448750 0.026667 0.067500
