1 0.771667 0.638750 0.136667 0.167500
3 0.290833 0.095000 0.098333 0.145000
2 0.865000 0.167500 0.146667 0.200000
1 0.151667 0.188750 0.046667 0.062500
2 0.700000 0.642500 0.103333 0.120000
1 0.070000 0.742500 0.090000 0.095000
3 0.665833 0.251250 0.108333 0.087500
1 0.297500 0.175000 0.095000 0.090000
3 0.298333 0.677500 0.073333 0.070000
0 0.738333 0.285000 0.033333 0.045000
2 0.653333 0.635000 0.106667 0.170000
2 0.476667 0.412500 0.113333 0.125000
1 0.072500 0.331250 0.045000 0.057500
0 0.675000 0.137500 0.176667 0.265000
3 0.408333 0.073750 0.026667 0.072500
3 0.633333 0.136250 0.040000 0.047500
0 0.438333 0.486250 0.066667 0.102500
1 0.153333 0.135000 0.120000 0.160000
1 0.420000 0.215000 0.150000 0.220000
1 0.825833 0.117500 0.115000 0.190000
0 0.435000 0.746250 0.036667 0.062500
3 0.063333 0.785000 0.073333 0.085000
3 0.323333 0.185000 0.070000 0.065000
1 0.531667 0.642500 0.146667 0.205000
3 0.845833 0.760000 0.091667 0.180000
0 0.650000 0.288750 0.143333 0.262500
3 0.816667 0.797500 0.093333 0.140000
2 0.247500 0.198750 0.098333 0.157500
