3 0.402500 0.710000 0.068333 0.070000
1 0.723333 0.545000 0.110000 0.135000
0 0.159167 0.753750 0.058333 0.097500
3 0.819167 0.596250 0.121667 0.142500
2 0.668333 0.251250 0.046667 0.077500
0 0.851667 0.080000 0.063333 0.095000
1 0.894167 0.577500 0.098333 0.215000
3 0.437500 0.197500 0.115000 0.085000
3 0.057500 0.168750 0.055000 0.147500
0 0.115833 0.212500 0.141667 0.205000
1 0.444167 0.232500 0.075000 0.075000
1 0.231667 0.342500 0.090000 0.135000
1 0.535000 0.511250 0.053333 0.067500
3 0.190833 0.763750 0.045000 0.042500
3 0.519167 0.661250 0.111667 0.112500
1 0.500000 0.318750 0.076667 0.092500
1 0.190833 0.417500 0.095000 0.115000
3 0.742500 0.507500 0.071667 0.105000
3 0.675833 0.492500 0.068333 0.180000
1 0.823333 0.837500 0.153333 0.225000
2 0.356667 0.245000 0.123333 0.085000
1 0.872500 0.903750 0.065000 0.112500
