0 0.530000 0.332500 0.126667 0.195000
3 0.833333 0.411250 0.070000 0.052500
1 0.815000 0.448750 0.050000 0.062500
1 0.245833 0.762500 0.061667 0.125000
3 0.680000 0.340000 0.073333 0.170000
1 0.644167 0.595000 0.128333 0.185000
0 0.420833 0.268750 0.161667 0.197500
3 0.490000 0.211250 0.076667 0.072500
3 0.640000 0.525000 0.056667 0.060000
0 0.050833 0.808750 0.065000 0.107500
0 0.722500 0.565000 0.161667 0.260000
0 0.110833 0.280000 0.041667 0.065000
3 0.625000 0.136250 0.040000 0.082500
1 0.540000 0.366250 0.073333 0.107500
0 0.493333 0.588750 0.143333 0.197500
1 0.798333 0.956250 0.023333 0.047500
1 0.420000 0.377500 0.143333 0.195000
2 0.184167 0.873750 0.075000 0.127500
2 0.536667 0.083750 0.140000 0.112500
0 0.920000 0.681250 0.090000 0.197500
0 0.381667 0.880000 0.096667 0.145000
1 0.045833 0.896250 0.051667 0.067500
2 0.517500 0.826250 0.045000 0.082500
2 0.298333 0.523750 0.113333 0.127500
