2 0.675000 0.338750 0.150000 0.197500
1 0.180000 0.642500 0.096667 0.145000
1 0.799167 0.313750 0.098333 0.182500
3 0.745833 0.193750 0.058333 0.067500
0 0.875000 0.613750 0.096667 0.137500
2 0.792500 0.361250 0.088333 0.067500
2 0.273333 0.398750 0.133333 0.167500
1 0.114167 0.336250 0.121667 0.137500
0 0.199167 0.311250 0.108333 0.217500
0 0.189167 0.332500 0.065000 0.090000
2 0.646667 0.507500 0.030000 0.075000
1 0.255833 0.517500 0.071667 0.105000
1 0.686667 0.335000 0.060000 0.175000
0 0.170833 0.293750 0.108333 0.172500
1 0.376667 0.370000 0.140000 0.200000
3 0.135000 0.726250 0.080000 0.137500
3 0.834167 0.492500 0.031667 0.045000
0 0.679167 0.543750 0.051667 0.087500
0 0.231667 0.826250 0.140000 0.237500
1 0.753333 0.210000 0.070000 0.135000
2 0.117500 0.525000 0.155000 0.190000
2 0.316667 0.030000 0.050000 0.055000
2 0.744167 0.073750 0.071667 0.057500
0 0.799167 0.476250 0.115000 0.177500
0 0.652500 0.892500 0.098333 0.145000
2 0.378333 0.533750 0.043333 0.062500
2 0.585833 0.093750 0.041667 0.117500
1 0.686667 0.898750 0.046667 0.087500
3 0.245833 0.323750 0.061667 0.167500
0 0.532500 0.605000 0.135000 0.175000
1 0.140000 0.116250 0.046667 0.052500
2 0.697500 0.223750 0.055000 0.192500
1 0.423333 0.802500 0.083333 0.095000
3 0.210833 0.850000 0.031667 0.020000
0 0.533333 0.057500 0.070000 0.105000
