0 0.191667 0.197500 0.123333 0.140000
1 0.141667 0.288750 0.100000 0.147500
0 0.443333 0.225000 0.096667 0.165000
0 0.188333 0.556250 0.076667 0.087500
0 0.072500 0.540000 0.095000 0.145000
1 0.505833 0.762500 0.051667 0.060000
3 0.825000 0.258750 0.070000 0.127500
3 0.796667 0.473750 0.030000 0.042500
0 0.607500 0.281250 0.148333 0.222500
1 0.175833 0.541250 0.065000 0.077500
1 0.735833 0.428750 0.065000 0.142500
2 0.604167 0.502500 0.211667 0.245000
2 0.370833 0.608750 0.121667 0.217500
2 0.754167 0.485000 0.125000 0.160000
2 0.347500 0.858750 0.031667 0.092500
1 0.285000 0.813750 0.093333 0.112500
0 0.734167 0.411250 0.168333 0.227500
3 0.796667 0.415000 0.103333 0.080000
1 0.580833 0.561250 0.095000 0.172500
1 0.070000 0.548750 0.053333 0.092500
2 0.282500 0.760000 0.075000 0.120000
3 0.740000 0.763750 0.093333 0.087500
0 0.429167 0.221250 0.111667 0.187500
2 0.554167 0.790000 0.035000 0.060000
1 0.900000 0.285000 0.050000 0.105000
0 0.666667 0.685000 0.126667 0.200000
3 0.367500 0.277500 0.118333 0.095000
2 0.313333 0.377500 0.193333 0.225000
1 0.440000 0.351250 0.040000 0.057500
3 0.926667 0.328750 0.033333 0.057500
3 0.379167 0.792500 0.065000 0.205000
0 0.444167 0.427500 0.095000 0.140000
2 0.650000 0.228750 0.060000 0.097500
1 0.338333 0.206250 0.093333 0.107500
3 0.409167 0.786250 0.118333 0.152500
2 0.727500 0.431250 0.078333 0.132500
3 0.291667 0.723750 0.110000 0.147500
3 0.301667 0.253750 0.080000 0.082500
3 0.761667 0.912500 0.063333 0.060000
