1 0.129167 0.910000 0.058333 0.065000
0 0.089167 0.358750 0.031667 0.052500
1 0.619167 0.606250 0.128333 0.142500
2 0.196667 0.188750 0.100000 0.157500
0 0.110833 0.281250 0.131667 0.172500
2 0.175000 0.440000 0.130000 0.145000
3 0.667500 0.106250 0.065000 0.082500
3 0.460000 0.461250 0.110000 0.082500
2 0.469167 0.638750 0.108333 0.247500
3 0.559167 0.496250 0.081667 0.132500
1 0.357500 0.707500 0.045000 0.130000
1 0.335000 0.365000 0.060000 0.100000
3 0.779167 0.746250 0.065000 0.092500
2 0.518333 0.613750 0.113333 0.172500
1 0.427500 0.560000 0.028333 0.045000
1 0.858333 0.602500 0.056667 0.070000
1 0.882500 0.440000 0.045000 0.060000
1 0.455833 0.147500 0.108333 0.155000
0 0.658333 0.362500 0.066667 0.095000
0 0.396667 0.525000 0.036667 0.055000
0 0.578333 0.745000 0.136667 0.170000
3 0.573333 0.096250 0.106667 0.172500
0 0.044167 0.431250 0.035000 0.072500
3 0.190833 0.797500 0.125000 0.120000
