2 0.593333 0.705000 0.133333 0.215000
1 0.172500 0.596250 0.105000 0.177500
2 0.605833 0.278750 0.095000 0.152500
3 0.045833 0.598750 0.055000 0.117500
0 0.263333 0.440000 0.056667 0.085000
1 0.449167 0.523750 0.135000 0.217500
3 0.627500 0.821250 0.118333 0.117500
3 0.192500 0.327500 0.075000 0.090000
2 0.262500 0.445000 0.135000 0.180000
1 0.507500 0.636250 0.081667 0.167500
0 0.412500 0.155000 0.135000 0.175000
3 0.731667 0.492500 0.133333 0.130000
1 0.858333 0.281250 0.040000 0.057500
1 0.862500 0.322500 0.098333 0.090000
1 0.465000 0.365000 0.170000 0.205000
2 0.277500 0.580000 0.065000 0.240000
3 0.532500 0.543750 0.058333 0.142500
1 0.256667 0.092500 0.073333 0.110000
0 0.186667 0.838750 0.066667 0.087500
2 0.864167 0.861250 0.095000 0.107500
0 0.087500 0.502500 0.108333 0.155000
0 0.960833 0.688750 0.038333 0.062500
3 0.920833 0.300000 0.081667 0.100000
1 0.809167 0.598750 0.078333 0.102500
0 0.520000 0.533750 0.113333 0.242500
3 0.430000 0.832500 0.066667 0.060000
3 0.706667 0.835000 0.073333 0.120000
2 0.417500 0.233750 0.128333 0.132500
2 0.525000 0.153750 0.130000 0.097500
2 0.877500 0.431250 0.085000 0.092500
3 0.220000 0.788750 0.096667 0.107500
2 0.372500 0.442500 0.038333 0.040000
1 0.203333 0.151250 0.136667 0.182500
2 0.900000 0.548750 0.043333 0.047500
3 0.797500 0.190000 0.111667 0.255000
1 0.209167 0.291250 0.061667 0.082500
0 0.329167 0.802500 0.108333 0.160000
2 0.496667 0.312500 0.106667 0.160000
3 0.664167 0.503750 0.058333 0.037500
3 0.085833 0.807500 0.041667 0.050000
2 0.551667 0.142500 0.106667 0.165000
3 0.121667 0.633750 0.026667 0.037500
