0 0.902500 0.173750 0.071667 0.132500
3 0.149167 0.503750 0.235000 0.272500
3 0.949167 0.468750 0.038333 0.042500
2 0.843333 0.281250 0.053333 0.067500
3 0.885000 0.052500 0.073333 0.065000
3 0.682500 0.442500 0.138333 0.140000
2 0.222500 0.193750 0.138333 0.192500
0 0.497500 0.357500 0.078333 0.130000
3 0.587500 0.781250 0.105000 0.147500
3 0.378333 0.482500 0.043333 0.095000
0 0.179167 0.382500 0.131667 0.190000
2 0.249167 0.812500 0.168333 0.215000
1 0.222500 0.783750 0.125000 0.122500
2 0.219167 0.512500 0.141667 0.135000
1 0.784167 0.472500 0.105000 0.180000
2 0.400833 0.743750 0.085000 0.127500
0 0.220833 0.833750 0.105000 0.167500
2 0.777500 0.587500 0.115000 0.165000
0 0.887500 0.333750 0.048333 0.072500
1 0.705000 0.431250 0.046667 0.097500
3 0.803333 0.356250 0.123333 0.132500
0 0.548333 0.716250 0.046667 0.077500
1 0.183333 0.576250 0.066667 0.077500
3 0.810000 0.378750 0.083333 0.077500
0 0.694167 0.807500 0.128333 0.195000
0 0.425833 0.462500 0.065000 0.100000
3 0.747500 0.431250 0.028333 0.017500
2 0.470000 0.280000 0.050000 0.060000
1 0.045833 0.573750 0.048333 0.042500
2 0.086667 0.331250 0.093333 0.127500
