3 0.447500 0.827500 0.045000 0.060000
0 0.103333 0.142500 0.120000 0.200000
3 0.610000 0.758750 0.026667 0.062500
1 0.816667 0.076250 0.050000 0.062500
0 0.275000 0.470000 0.130000 0.225000
2 0.640833 0.622500 0.031667 0.025000
0 0.867500 0.598750 0.061667 0.122500
0 0.135000 0.162500 0.140000 0.190000
2 0.695000 0.455000 0.076667 0.155000
0 0.454167 0.230000 0.035000 0.050000
1 0.775000 0.626250 0.060000 0.102500
0 0.775833 0.696250 0.035000 0.052500
3 0.720833 0.831250 0.108333 0.137500
2 0.444167 0.753750 0.078333 0.112500
0 0.534167 0.712500 0.045000 0.075000
3 0.278333 0.625000 0.100000 0.145000
0 0.448333 0.233750 0.143333 0.162500
2 0.721667 0.210000 0.063333 0.175000
2 0.553333 0.447500 0.170000 0.230000
0 0.142500 0.412500 0.058333 0.090000
0 0.391667 0.858750 0.046667 0.077500
2 0.611667 0.698750 0.056667 0.207500
2 0.886667 0.262500 0.086667 0.250000
0 0.176667 0.232500 0.156667 0.235000
3 0.755833 0.141250 0.035000 0.052500
2 0.403333 0.643750 0.103333 0.197500
0 0.865000 0.282500 0.083333 0.140000
0 0.565000 0.598750 0.140000 0.232500
3 0.832500 0.615000 0.065000 0.045000
0 0.875833 0.126250 0.051667 0.067500
0 0.564167 0.668750 0.048333 0.072500
2 0.618333 0.110000 0.066667 0.110000
0 0.870000 0.480000 0.093333 0.140000
0 0.688333 0.186250 0.056667 0.082500
3 0.380000 0.275000 0.106667 0.110000
0 0.308333 0.151250 0.080000 0.122500
3 0.173333 0.740000 0.086667 0.140000
1 0.675833 0.442500 0.091667 0.150000
2 0.201667 0.818750 0.066667 0.122500
1 0.373333 0.438750 0.066667 0.087500
0 0.096667 0.686250 0.063333 0.067500
0 0.843333 0.110000 0.046667 0.075000
2 0.710833 0.363750 0.038333 0.057500
1 0.042500 0.127500 0.071667 0.150000
2 0.340833 0.405000 0.031667 0.060000
