3 0.437500 0.827500 0.101667 0.285000
3 0.230833 0.725000 0.048333 0.085000
1 0.570000 0.275000 0.030000 0.060000
0 0.140833 0.798750 0.165000 0.217500
2 0.798333 0.062500 0.030000 0.050000
2 0.443333 0.437500 0.040000 0.035000
1 0.515000 0.611250 0.100000 0.127500
0 0.638333 0.092500 0.080000 0.115000
0 0.279167 0.290000 0.181667 0.260000
1 0.124167 0.337500 0.091667 0.150000
0 0.738333 0.667500 0.136667 0.200000
2 0.122500 0.365000 0.051667 0.090000
3 0.795000 0.452500 0.030000 0.060000
2 0.283333 0.258750 0.050000 0.187500
1 0.695833 0.192500 0.061667 0.115000
2 0.940833 0.618750 0.061667 0.092500
1 0.275833 0.330000 0.035000 0.040000
3 0.911667 0.337500 0.083333 0.095000
1 0.465833 0.828750 0.105000 0.127500
2 0.690833 0.231250 0.071667 0.082500
3 0.623333 0.256250 0.103333 0.092500
1 0.044167 0.781250 0.058333 0.062500
3 0.681667 0.638750 0.110000 0.127500
3 0.270000 0.915000 0.030000 0.030000
2 0.855000 0.192500 0.113333 0.105000
1 0.783333 0.195000 0.036667 0.070000
1 0.612500 0.203750 0.148333 0.197500
2 0.212500 0.538750 0.038333 0.037500
1 0.602500 0.793750 0.058333 0.047500
1 0.675000 0.701250 0.050000 0.097500
3 0.524167 0.177500 0.038333 0.065000
3 0.127500 0.061250 0.045000 0.067500
1 0.483333 0.423750 0.080000 0.107500
3 0.612500 0.606250 0.091667 0.097500
1 0.520833 0.562500 0.058333 0.070000
0 0.657500 0.292500 0.135000 0.275000
3 0.175000 0.115000 0.103333 0.105000
3 0.656667 0.240000 0.090000 0.155000
