3 0.270000 0.138750 0.123333 0.152500
2 0.645000 0.635000 0.113333 0.190000
3 0.384167 0.777500 0.191667 0.285000
3 0.236667 0.492500 0.106667 0.160000
3 0.450833 0.848750 0.051667 0.092500
1 0.326667 0.431250 0.103333 0.177500
1 0.275833 0.683750 0.118333 0.147500
2 0.054167 0.622500 0.031667 0.040000
0 0.817500 0.870000 0.031667 0.050000
2 0.542500 0.767500 0.101667 0.100000
2 0.709167 0.850000 0.098333 0.165000
0 0.557500 0.451250 0.071667 0.112500
0 0.370833 0.712500 0.068333 0.125000
2 0.475000 0.153750 0.093333 0.157500
3 0.824167 0.591250 0.075000 0.132500
3 0.772500 0.425000 0.031667 0.075000
2 0.075000 0.571250 0.096667 0.087500
3 0.840833 0.472500 0.061667 0.095000
1 0.185833 0.115000 0.075000 0.155000
2 0.561667 0.402500 0.073333 0.100000
1 0.753333 0.867500 0.053333 0.060000
1 0.506667 0.670000 0.130000 0.185000
0 0.638333 0.351250 0.123333 0.167500
0 0.776667 0.670000 0.166667 0.200000
0 0.244167 0.722500 0.181667 0.255000
