1 0.356667 0.182500 0.106667 0.200000
3 0.886667 0.396250 0.120000 0.097500
2 0.435000 0.375000 0.043333 0.085000
0 0.465833 0.772500 0.085000 0.140000
1 0.103333 0.277500 0.106667 0.190000
1 0.737500 0.725000 0.145000 0.270000
1 0.411667 0.083750 0.036667 0.052500
3 0.241667 0.526250 0.063333 0.167500
3 0.362500 0.230000 0.098333 0.075000
1 0.888333 0.521250 0.126667 0.222500
0 0.576667 0.576250 0.093333 0.142500
2 0.203333 0.856250 0.100000 0.147500
3 0.853333 0.258750 0.066667 0.082500
0 0.400000 0.695000 0.166667 0.210000
3 0.405833 0.557500 0.105000 0.120000
2 0.524167 0.422500 0.055000 0.060000
2 0.534167 0.612500 0.118333 0.150000
0 0.249167 0.773750 0.105000 0.137500
1 0.636667 0.180000 0.120000 0.155000
3 0.645000 0.478750 0.130000 0.087500
3 0.821667 0.376250 0.123333 0.182500
1 0.523333 0.122500 0.126667 0.140000
1 0.145833 0.491250 0.041667 0.077500
2 0.787500 0.442500 0.061667 0.115000
3 0.518333 0.690000 0.120000 0.165000
1 0.257500 0.666250 0.025000 0.052500
2 0.330833 0.892500 0.075000 0.150000
