0 0.560000 0.751250 0.093333 0.147500
2 0.681667 0.486250 0.100000 0.127500
1 0.904167 0.935000 0.031667 0.040000
1 0.653333 0.343750 0.093333 0.177500
1 0.059167 0.860000 0.095000 0.135000
2 0.092500 0.147500 0.041667 0.050000
3 0.773333 0.117500 0.116667 0.130000
2 0.276667 0.052500 0.033333 0.050000
3 0.160833 0.411250 0.088333 0.137500
2 0.089167 0.346250 0.081667 0.082500
1 0.892500 0.371250 0.095000 0.212500
2 0.695000 0.847500 0.043333 0.045000
0 0.611667 0.698750 0.063333 0.102500
0 0.305000 0.276250 0.140000 0.267500
2 0.381667 0.703750 0.073333 0.167500
2 0.311667 0.780000 0.076667 0.155000
2 0.274167 0.057500 0.101667 0.105000
2 0.683333 0.713750 0.116667 0.177500
2 0.146667 0.291250 0.056667 0.262500
0 0.426667 0.597500 0.136667 0.185000
2 0.675000 0.273750 0.203333 0.292500
1 0.889167 0.176250 0.108333 0.207500
0 0.478333 0.106250 0.096667 0.147500
1 0.312500 0.666250 0.111667 0.167500
1 0.267500 0.525000 0.135000 0.165000
1 0.565833 0.368750 0.125000 0.142500
2 0.269167 0.861250 0.041667 0.047500
1 0.068333 0.592500 0.093333 0.175000
0 0.653333 0.772500 0.076667 0.095000
1 0.650833 0.770000 0.121667 0.155000
2 0.353333 0.870000 0.080000 0.130000
0 0.856667 0.453750 0.190000 0.257500
2 0.111667 0.691250 0.126667 0.147500
2 0.123333 0.616250 0.090000 0.142500
2 0.061667 0.833750 0.106667 0.142500
3 0.894167 0.161250 0.088333 0.097500
2 0.718333 0.325000 0.066667 0.050000
1 0.848333 0.170000 0.206667 0.235000
1 0.108333 0.793750 0.043333 0.057500
2 0.070000 0.183750 0.123333 0.172500
2 0.492500 0.286250 0.085000 0.127500
0 0.016667 0.275000 0.033333 0.050000
2 0.234167 0.876250 0.041667 0.167500
1 0.207500 0.590000 0.151667 0.295000
3 0.103333 0.470000 0.043333 0.040000
2 0.039167 0.855000 0.031667 0.065000
