1 0.938333 0.773750 0.040000 0.047500
0 0.081667 0.432500 0.060000 0.150000
0 0.535833 0.383750 0.038333 0.052500
3 0.963333 0.701250 0.040000 0.032500
2 0.806667 0.426250 0.120000 0.172500
2 0.214167 0.566250 0.131667 0.217500
1 0.681667 0.417500 0.033333 0.065000
2 0.510000 0.778750 0.060000 0.092500
2 0.484167 0.370000 0.071667 0.170000
3 0.380000 0.123750 0.063333 0.157500
2 0.423333 0.337500 0.083333 0.255000
0 0.454167 0.665000 0.101667 0.150000
1 0.505000 0.268750 0.126667 0.132500
2 0.229167 0.481250 0.058333 0.067500
3 0.636667 0.765000 0.060000 0.070000
3 0.108333 0.568750 0.060000 0.082500
2 0.063333 0.741250 0.063333 0.082500
2 0.430000 0.585000 0.110000 0.180000
3 0.791667 0.278750 0.086667 0.122500
1 0.393333 0.795000 0.076667 0.195000
2 0.457500 0.381250 0.121667 0.187500
0 0.316667 0.225000 0.083333 0.115000
3 0.597500 0.440000 0.105000 0.055000
2 0.847500 0.840000 0.065000 0.160000
1 0.786667 0.306250 0.040000 0.067500
2 0.560000 0.901250 0.033333 0.017500
