1 0.653333 0.757500 0.120000 0.190000
1 0.838333 0.600000 0.083333 0.150000
3 0.574167 0.035000 0.025000 0.045000
0 0.376667 0.862500 0.146667 0.220000
1 0.291667 0.600000 0.076667 0.130000
1 0.191667 0.638750 0.093333 0.112500
1 0.684167 0.655000 0.075000 0.070000
2 0.386667 0.343750 0.086667 0.117500
3 0.820833 0.228750 0.055000 0.127500
0 0.848333 0.305000 0.096667 0.140000
2 0.939167 0.071250 0.061667 0.102500
2 0.380000 0.346250 0.103333 0.237500
1 0.504167 0.747500 0.125000 0.135000
2 0.633333 0.860000 0.036667 0.045000
2 0.642500 0.733750 0.048333 0.127500
0 0.210000 0.211250 0.080000 0.122500
2 0.555000 0.465000 0.126667 0.190000
1 0.805833 0.541250 0.105000 0.187500
3 0.331667 0.550000 0.133333 0.120000
3 0.725000 0.478750 0.056667 0.057500
1 0.412500 0.585000 0.071667 0.125000
0 0.945833 0.706250 0.071667 0.092500
3 0.358333 0.601250 0.053333 0.047500
3 0.065833 0.465000 0.095000 0.115000
3 0.348333 0.818750 0.033333 0.027500
1 0.407500 0.350000 0.085000 0.120000
1 0.200000 0.805000 0.123333 0.245000
0 0.540000 0.355000 0.043333 0.070000
0 0.531667 0.115000 0.143333 0.160000
0 0.613333 0.172500 0.163333 0.235000
3 0.096667 0.528750 0.133333 0.172500
2 0.603333 0.650000 0.210000 0.300000
0 0.035000 0.585000 0.050000 0.075000
3 0.109167 0.520000 0.031667 0.090000
0 0.830000 0.126250 0.050000 0.082500
0 0.679167 0.351250 0.168333 0.252500
0 0.096667 0.528750 0.110000 0.142500
1 0.305000 0.563750 0.143333 0.162500
3 0.712500 0.682500 0.071667 0.080000
1 0.884167 0.782500 0.085000 0.110000
2 0.615000 0.306250 0.110000 0.167500
1 0.290833 0.470000 0.031667 0.040000
3 0.260833 0.543750 0.105000 0.162500
