0 0.030000 0.240000 0.040000 0.050000
2 0.161667 0.065000 0.033333 0.055000
0 0.253333 0.418750 0.120000 0.207500
1 0.348333 0.552500 0.070000 0.060000
2 0.805833 0.631250 0.205000 0.307500
3 0.690000 0.383750 0.106667 0.147500
3 0.690833 0.481250 0.085000 0.087500
1 0.227500 0.648750 0.045000 0.052500
0 0.022500 0.882500 0.028333 0.045000
0 0.446667 0.823750 0.136667 0.267500
2 0.279167 0.615000 0.155000 0.145000
2 0.354167 0.743750 0.045000 0.112500
1 0.337500 0.596250 0.075000 0.107500
2 0.190000 0.271250 0.096667 0.192500
0 0.443333 0.476250 0.073333 0.122500
0 0.556667 0.472500 0.130000 0.235000
3 0.219167 0.726250 0.105000 0.097500
2 0.145000 0.506250 0.076667 0.147500
2 0.248333 0.783750 0.126667 0.147500
1 0.686667 0.117500 0.110000 0.115000
2 0.035833 0.890000 0.065000 0.090000
3 0.741667 0.220000 0.036667 0.040000
2 0.880833 0.165000 0.055000 0.080000
3 0.875000 0.111250 0.053333 0.092500
1 0.063333 0.446250 0.103333 0.137500
2 0.830000 0.798750 0.063333 0.042500
1 0.470833 0.072500 0.065000 0.115000
0 0.170833 0.296250 0.131667 0.237500
2 0.393333 0.200000 0.133333 0.140000
1 0.062500 0.327500 0.055000 0.065000
3 0.832500 0.918750 0.058333 0.047500
3 0.210833 0.123750 0.028333 0.052500
0 0.176667 0.236250 0.110000 0.137500
3 0.830833 0.473750 0.025000 0.037500
2 0.702500 0.668750 0.025000 0.052500
0 0.260833 0.515000 0.058333 0.090000
3 0.609167 0.088750 0.065000 0.052500
2 0.124167 0.845000 0.081667 0.075000
1 0.855000 0.363750 0.036667 0.042500
2 0.530833 0.371250 0.045000 0.057500
3 0.515000 0.507500 0.243333 0.245000
1 0.731667 0.620000 0.100000 0.130000
3 0.641667 0.317500 0.196667 0.290000
3 0.101667 0.492500 0.093333 0.100000
2 0.821667 0.263750 0.053333 0.042500
2 0.077500 0.530000 0.101667 0.155000
0 0.085000 0.573750 0.096667 0.147500
3 0.540000 0.237500 0.060000 0.100000
