2 0.174167 0.641250 0.041667 0.037500
2 0.087500 0.812500 0.005000 0.275000
1 0.167500 0.232500 0.071667 0.125000
2 0.256667 0.151250 0.116667 0.127500
2 0.881667 0.136250 0.123333 0.187500
0 0.437500 0.520000 0.128333 0.215000
2 0.883333 0.495000 0.136667 0.205000
2 0.222500 0.735000 0.055000 0.105000
3 0.474167 0.058750 0.111667 0.092500
2 0.361667 0.521250 0.110000 0.207500
1 0.175833 0.242500 0.148333 0.210000
2 0.695000 0.447500 0.050000 0.235000
1 0.405000 0.335000 0.063333 0.130000
2 0.850833 0.242500 0.121667 0.115000
3 0.532500 0.477500 0.135000 0.135000
0 0.488333 0.227500 0.136667 0.180000
2 0.678333 0.821250 0.113333 0.157500
2 0.088333 0.178750 0.123333 0.102500
1 0.391667 0.147500 0.080000 0.130000
3 0.824167 0.365000 0.111667 0.105000
1 0.342500 0.470000 0.098333 0.110000
1 0.250833 0.510000 0.041667 0.090000
3 0.804167 0.246250 0.078333 0.067500
1 0.653333 0.226250 0.046667 0.082500
1 0.881667 0.800000 0.070000 0.095000
3 0.830833 0.827500 0.105000 0.095000
2 0.189167 0.117500 0.138333 0.170000
1 0.224167 0.372500 0.101667 0.175000
1 0.175000 0.802500 0.113333 0.195000
3 0.143333 0.261250 0.046667 0.057500
1 0.801667 0.711250 0.123333 0.132500
3 0.724167 0.902500 0.038333 0.075000
3 0.702500 0.450000 0.121667 0.175000
0 0.593333 0.351250 0.086667 0.127500
3 0.132500 0.340000 0.058333 0.175000
0 0.702500 0.275000 0.178333 0.255000
2 0.377500 0.133750 0.028333 0.057500
0 0.460000 0.187500 0.133333 0.205000
1 0.513333 0.698750 0.126667 0.147500
1 0.108333 0.715000 0.116667 0.165000
