0 0.790000 0.318750 0.053333 0.072500
2 0.467500 0.671250 0.121667 0.187500
1 0.494167 0.145000 0.131667 0.150000
1 0.654167 0.532500 0.051667 0.065000
2 0.521667 0.903750 0.050000 0.062500
3 0.097500 0.878750 0.088333 0.117500
3 0.308333 0.676250 0.093333 0.172500
0 0.424167 0.822500 0.045000 0.070000
0 0.920000 0.127500 0.103333 0.160000
2 0.118333 0.746250 0.043333 0.132500
2 0.725000 0.643750 0.126667 0.227500
0 0.599167 0.738750 0.125000 0.172500
3 0.415833 0.835000 0.048333 0.090000
2 0.200833 0.088750 0.091667 0.142500
3 0.570000 0.321250 0.076667 0.117500
1 0.889167 0.217500 0.065000 0.070000
0 0.112500 0.317500 0.128333 0.205000
3 0.134167 0.527500 0.055000 0.065000
3 0.748333 0.580000 0.086667 0.185000
0 0.556667 0.606250 0.110000 0.177500
1 0.869167 0.731250 0.055000 0.112500
1 0.169167 0.731250 0.021667 0.062500
1 0.133333 0.705000 0.026667 0.060000
2 0.283333 0.210000 0.073333 0.110000
0 0.507500 0.271250 0.001667 0.082500
2 0.528333 0.715000 0.253333 0.265000
0 0.915833 0.897500 0.061667 0.095000
2 0.175833 0.718750 0.111667 0.202500
0 0.387500 0.567500 0.041667 0.065000
2 0.849167 0.380000 0.081667 0.190000
2 0.420000 0.817500 0.043333 0.055000
1 0.505833 0.652500 0.085000 0.175000
3 0.212500 0.371250 0.065000 0.057500
1 0.710000 0.526250 0.090000 0.167500
1 0.480833 0.447500 0.065000 0.140000
3 0.227500 0.058750 0.125000 0.102500
2 0.415833 0.688750 0.068333 0.112500
