2 0.440000 0.267500 0.126667 0.145000
1 0.524167 0.206250 0.218333 0.282500
3 0.495833 0.262500 0.085000 0.140000
2 0.066667 0.315000 0.093333 0.110000
1 0.383333 0.460000 0.073333 0.105000
3 0.580000 0.943750 0.030000 0.037500
0 0.654167 0.810000 0.111667 0.130000
3 0.364167 0.132500 0.101667 0.095000
3 0.740000 0.633750 0.100000 0.162500
2 0.157500 0.250000 0.048333 0.095000
3 0.665833 0.106250 0.081667 0.162500
2 0.275833 0.308750 0.121667 0.172500
3 0.519167 0.820000 0.061667 0.085000
0 0.294167 0.576250 0.158333 0.257500
2 0.590833 0.647500 0.121667 0.180000
0 0.241667 0.400000 0.076667 0.095000
2 0.822500 0.100000 0.095000 0.120000
2 0.518333 0.141250 0.113333 0.107500
3 0.487500 0.475000 0.105000 0.130000
3 0.158333 0.400000 0.090000 0.125000
3 0.431667 0.805000 0.116667 0.115000
3 0.635833 0.365000 0.061667 0.155000
1 0.065000 0.613750 0.123333 0.157500
2 0.574167 0.400000 0.138333 0.115000
0 0.145833 0.212500 0.088333 0.130000
2 0.578333 0.662500 0.046667 0.070000
1 0.072500 0.155000 0.131667 0.160000
