3 0.190000 0.626250 0.103333 0.132500
3 0.621667 0.512500 0.096667 0.150000
1 0.603333 0.395000 0.123333 0.145000
3 0.319167 0.800000 0.071667 0.140000
1 0.880833 0.215000 0.145000 0.195000
3 0.597500 0.347500 0.198333 0.320000
2 0.239167 0.106250 0.048333 0.077500
3 0.065000 0.466250 0.110000 0.142500
2 0.392500 0.147500 0.061667 0.065000
2 0.606667 0.222500 0.106667 0.170000
0 0.295833 0.300000 0.068333 0.110000
3 0.522500 0.150000 0.115000 0.130000
2 0.502500 0.756250 0.098333 0.097500
0 0.226667 0.391250 0.093333 0.167500
2 0.080833 0.438750 0.088333 0.107500
3 0.553333 0.265000 0.063333 0.125000
2 0.579167 0.791250 0.118333 0.002500
3 0.205000 0.311250 0.046667 0.077500
1 0.137500 0.357500 0.121667 0.175000
2 0.075833 0.318750 0.101667 0.137500
2 0.318333 0.317500 0.110000 0.135000
3 0.249167 0.810000 0.035000 0.055000
