0 0.790000 0.890000 0.073333 0.120000
0 0.805833 0.681250 0.041667 0.062500
0 0.341667 0.070000 0.096667 0.140000
3 0.330833 0.348750 0.055000 0.172500
0 0.127500 0.472500 0.161667 0.190000
0 0.597500 0.453750 0.088333 0.102500
1 0.180000 0.785000 0.090000 0.115000
2 0.594167 0.230000 0.108333 0.175000
3 0.441667 0.336250 0.050000 0.062500
1 0.820833 0.535000 0.105000 0.135000
2 0.180833 0.157500 0.078333 0.160000
2 0.545000 0.493750 0.066667 0.112500
1 0.669167 0.697500 0.101667 0.135000
1 0.434167 0.208750 0.135000 0.202500
1 0.685000 0.340000 0.046667 0.060000
3 0.210000 0.896250 0.053333 0.047500
2 0.074167 0.790000 0.111667 0.105000
0 0.825833 0.516250 0.058333 0.067500
3 0.931667 0.521250 0.043333 0.037500
3 0.752500 0.440000 0.108333 0.150000
3 0.087500 0.792500 0.028333 0.040000
0 0.353333 0.550000 0.146667 0.205000
0 0.602500 0.868750 0.058333 0.067500
0 0.375000 0.138750 0.106667 0.137500
2 0.196667 0.541250 0.100000 0.147500
1 0.685000 0.566250 0.140000 0.157500
3 0.500833 0.597500 0.115000 0.185000
0 0.522500 0.137500 0.051667 0.080000
1 0.236667 0.265000 0.043333 0.055000
