3 0.562500 0.723750 0.078333 0.122500
1 0.907500 0.876250 0.045000 0.072500
0 0.878333 0.825000 0.076667 0.110000
0 0.345833 0.711250 0.131667 0.262500
2 0.840000 0.723750 0.083333 0.092500
3 0.332500 0.106250 0.041667 0.047500
1 0.727500 0.133750 0.075000 0.097500
1 0.478333 0.241250 0.130000 0.157500
3 0.511667 0.727500 0.230000 0.195000
2 0.301667 0.527500 0.073333 0.130000
0 0.334167 0.911250 0.051667 0.087500
2 0.080000 0.157500 0.140000 0.140000
1 0.138333 0.065000 0.080000 0.100000
2 0.723333 0.401250 0.050000 0.177500
1 0.243333 0.158750 0.140000 0.147500
3 0.872500 0.090000 0.105000 0.125000
0 0.768333 0.622500 0.043333 0.070000
2 0.840833 0.845000 0.031667 0.045000
3 0.216667 0.675000 0.080000 0.140000
