0 0.925833 0.208750 0.138333 0.207500
1 0.432500 0.583750 0.028333 0.057500
0 0.914167 0.137500 0.105000 0.145000
1 0.075833 0.325000 0.061667 0.085000
1 0.665000 0.471250 0.083333 0.112500
3 0.818333 0.907500 0.090000 0.090000
1 0.615000 0.582500 0.046667 0.060000
0 0.253333 0.822500 0.110000 0.170000
3 0.770833 0.316250 0.078333 0.117500
0 0.480833 0.837500 0.111667 0.195000
1 0.394167 0.486250 0.071667 0.092500
2 0.180833 0.470000 0.095000 0.155000
2 0.422500 0.888750 0.051667 0.042500
2 0.442500 0.827500 0.095000 0.105000
2 0.467500 0.288750 0.121667 0.172500
0 0.948333 0.666250 0.083333 0.162500
1 0.596667 0.760000 0.093333 0.140000
0 0.157500 0.357500 0.068333 0.115000
0 0.224167 0.232500 0.048333 0.095000
1 0.703333 0.828750 0.130000 0.152500
3 0.929167 0.822500 0.081667 0.065000
0 0.081667 0.690000 0.110000 0.165000
1 0.460833 0.818750 0.035000 0.042500
2 0.664167 0.517500 0.025000 0.060000
1 0.110833 0.388750 0.035000 0.037500
1 0.085000 0.515000 0.040000 0.115000
2 0.880000 0.305000 0.130000 0.230000
0 0.140000 0.195000 0.173333 0.260000
2 0.600000 0.265000 0.146667 0.220000
3 0.205833 0.641250 0.035000 0.062500
0 0.379167 0.755000 0.038333 0.060000
0 0.782500 0.827500 0.121667 0.200000
1 0.627500 0.268750 0.108333 0.197500
0 0.291667 0.617500 0.033333 0.055000
0 0.715833 0.276250 0.045000 0.067500
