0 0.657500 0.567500 0.041667 0.075000
3 0.390833 0.705000 0.028333 0.025000
2 0.288333 0.511250 0.033333 0.017500
0 0.808333 0.798750 0.156667 0.222500
3 0.235833 0.502500 0.071667 0.080000
2 0.602500 0.530000 0.091667 0.105000
3 0.857500 0.082500 0.118333 0.095000
1 0.770000 0.627500 0.196667 0.295000
2 0.471667 0.673750 0.053333 0.082500
0 0.559167 0.791250 0.078333 0.127500
1 0.399167 0.598750 0.038333 0.052500
2 0.190833 0.752500 0.111667 0.165000
1 0.548333 0.538750 0.026667 0.042500
2 0.830833 0.825000 0.118333 0.225000
2 0.113333 0.476250 0.160000 0.217500
0 0.660833 0.473750 0.178333 0.232500
3 0.347500 0.395000 0.075000 0.075000
1 0.617500 0.427500 0.138333 0.180000
3 0.270000 0.275000 0.176667 0.190000
0 0.600000 0.798750 0.050000 0.077500
1 0.333333 0.165000 0.133333 0.150000
0 0.410833 0.486250 0.155000 0.182500
1 0.361667 0.622500 0.140000 0.175000
