2 0.368333 0.686250 0.120000 0.242500
0 0.255000 0.232500 0.123333 0.185000
1 0.826667 0.521250 0.100000 0.112500
2 0.078333 0.377500 0.090000 0.120000
3 0.260000 0.197500 0.033333 0.035000
1 0.102500 0.303750 0.105000 0.157500
3 0.650833 0.520000 0.131667 0.130000
2 0.904167 0.792500 0.055000 0.070000
1 0.899167 0.291250 0.038333 0.107500
0 0.703333 0.710000 0.083333 0.125000
1 0.120833 0.073750 0.031667 0.052500
0 0.793333 0.156250 0.043333 0.072500
1 0.815000 0.585000 0.106667 0.190000
3 0.580833 0.833750 0.098333 0.152500
0 0.707500 0.782500 0.065000 0.095000
0 0.596667 0.797500 0.116667 0.200000
0 0.561667 0.280000 0.043333 0.070000
0 0.428333 0.553750 0.053333 0.072500
2 0.672500 0.735000 0.051667 0.045000
1 0.119167 0.298750 0.141667 0.207500
3 0.435000 0.375000 0.120000 0.120000
3 0.368333 0.596250 0.156667 0.177500
0 0.520833 0.317500 0.088333 0.155000
3 0.267500 0.760000 0.065000 0.120000
1 0.811667 0.716250 0.086667 0.157500
1 0.128333 0.143750 0.130000 0.162500
2 0.641667 0.111250 0.073333 0.142500
2 0.490000 0.028750 0.056667 0.057500
3 0.951667 0.172500 0.080000 0.120000
2 0.090000 0.257500 0.093333 0.105000
3 0.918333 0.391250 0.063333 0.047500
3 0.110833 0.447500 0.075000 0.060000
1 0.654167 0.057500 0.065000 0.095000
2 0.476667 0.438750 0.123333 0.187500
3 0.707500 0.157500 0.115000 0.105000
1 0.635000 0.265000 0.053333 0.110000
1 0.810000 0.377500 0.083333 0.155000
3 0.444167 0.660000 0.031667 0.035000
0 0.192500 0.715000 0.125000 0.190000
0 0.217500 0.480000 0.148333 0.215000
0 0.082500 0.115000 0.118333 0.190000
2 0.750000 0.331250 0.130000 0.217500
0 0.573333 0.466250 0.100000 0.152500
2 0.238333 0.845000 0.110000 0.225000
0 0.804167 0.781250 0.205000 0.307500
