2 0.654167 0.092500 0.061667 0.080000
3 0.658333 0.358750 0.066667 0.092500
1 0.721667 0.347500 0.136667 0.200000
1 0.365000 0.508750 0.120000 0.172500
1 0.211667 0.108750 0.133333 0.157500
2 0.849167 0.336250 0.075000 0.217500
1 0.565000 0.496250 0.076667 0.107500
1 0.778333 0.510000 0.040000 0.060000
1 0.373333 0.186250 0.043333 0.042500
0 0.711667 0.261250 0.126667 0.197500
0 0.338333 0.676250 0.076667 0.122500
0 0.591667 0.348750 0.126667 0.212500
2 0.111667 0.833750 0.043333 0.047500
2 0.330000 0.406250 0.066667 0.122500
1 0.640000 0.261250 0.090000 0.147500
3 0.178333 0.731250 0.050000 0.117500
3 0.090000 0.568750 0.126667 0.152500
1 0.337500 0.765000 0.108333 0.130000
0 0.594167 0.435000 0.141667 0.195000
0 0.474167 0.765000 0.095000 0.135000
0 0.587500 0.820000 0.051667 0.060000
2 0.152500 0.578750 0.115000 0.167500
2 0.487500 0.132500 0.095000 0.105000
1 0.789167 0.660000 0.031667 0.035000
