3 0.800000 0.686250 0.130000 0.122500
0 0.475000 0.208750 0.153333 0.212500
0 0.328333 0.363750 0.063333 0.092500
3 0.184167 0.517500 0.098333 0.100000
3 0.795833 0.716250 0.105000 0.157500
0 0.947500 0.580000 0.088333 0.160000
1 0.638333 0.660000 0.020000 0.050000
3 0.464167 0.057500 0.101667 0.085000
0 0.848333 0.351250 0.060000 0.097500
2 0.523333 0.836250 0.083333 0.197500
0 0.669167 0.113750 0.135000 0.202500
0 0.909167 0.677500 0.035000 0.065000
2 0.375000 0.612500 0.120000 0.080000
2 0.890000 0.120000 0.083333 0.105000
