0 0.857500 0.785000 0.168333 0.260000
0 0.699167 0.232500 0.105000 0.150000
3 0.425833 0.077500 0.048333 0.055000
0 0.590833 0.931250 0.055000 0.092500
0 0.532500 0.505000 0.148333 0.185000
3 0.159167 0.282500 0.135000 0.165000
3 0.140833 0.365000 0.058333 0.100000
0 0.461667 0.290000 0.076667 0.125000
3 0.655000 0.788750 0.126667 0.122500
2 0.128333 0.277500 0.086667 0.125000
2 0.601667 0.212500 0.093333 0.090000
0 0.943333 0.317500 0.096667 0.175000
1 0.081667 0.077500 0.030000 0.060000
3 0.566667 0.237500 0.016667 0.040000
0 0.156667 0.570000 0.120000 0.205000
3 0.785000 0.077500 0.106667 0.105000
0 0.545833 0.426250 0.098333 0.142500
2 0.318333 0.897500 0.026667 0.055000
2 0.074167 0.055000 0.095000 0.055000
3 0.410000 0.541250 0.103333 0.157500
3 0.343333 0.790000 0.023333 0.035000
2 0.580000 0.771250 0.033333 0.072500
