0 0.847500 0.272500 0.138333 0.210000
0 0.142500 0.915000 0.028333 0.040000
1 0.739167 0.067500 0.098333 0.120000
1 0.210833 0.402500 0.045000 0.075000
0 0.402500 0.287500 0.131667 0.165000
3 0.556667 0.685000 0.056667 0.115000
3 0.524167 0.507500 0.221667 0.255000
2 0.517500 0.480000 0.101667 0.170000
1 0.096667 0.631250 0.083333 0.152500
1 0.315833 0.426250 0.118333 0.212500
1 0.045000 0.301250 0.066667 0.077500
1 0.612500 0.738750 0.071667 0.102500
0 0.160000 0.491250 0.106667 0.227500
3 0.465000 0.165000 0.073333 0.070000
0 0.945000 0.142500 0.090000 0.135000
1 0.670000 0.800000 0.103333 0.090000
2 0.329167 0.190000 0.148333 0.240000
2 0.193333 0.670000 0.126667 0.220000
3 0.805000 0.752500 0.076667 0.100000
3 0.467500 0.512500 0.081667 0.075000
1 0.434167 0.715000 0.028333 0.035000
3 0.890833 0.067500 0.128333 0.100000
3 0.345833 0.321250 0.028333 0.032500
0 0.098333 0.328750 0.093333 0.187500
0 0.395000 0.527500 0.076667 0.130000
