3 0.190000 0.355000 0.086667 0.175000
3 0.316667 0.912500 0.030000 0.045000
3 0.680833 0.130000 0.035000 0.060000
1 0.829167 0.727500 0.048333 0.095000
2 0.240833 0.181250 0.068333 0.112500
2 0.301667 0.727500 0.136667 0.155000
3 0.945833 0.320000 0.048333 0.040000
2 0.403333 0.717500 0.093333 0.150000
0 0.341667 0.550000 0.030000 0.045000
0 0.310833 0.778750 0.118333 0.167500
3 0.162500 0.423750 0.041667 0.072500
3 0.059167 0.113750 0.111667 0.172500
1 0.408333 0.787500 0.083333 0.085000
1 0.737500 0.636250 0.041667 0.047500
0 0.355000 0.145000 0.080000 0.170000
0 0.514167 0.098750 0.041667 0.087500
3 0.651667 0.275000 0.126667 0.120000
1 0.302500 0.183750 0.128333 0.157500
2 0.435833 0.675000 0.068333 0.075000
1 0.693333 0.798750 0.040000 0.052500
3 0.465833 0.541250 0.125000 0.107500
0 0.228333 0.561250 0.126667 0.187500
0 0.865000 0.582500 0.156667 0.215000
0 0.542500 0.488750 0.151667 0.227500
3 0.734167 0.022500 0.028333 0.020000
