0 0.923333 0.616250 0.070000 0.102500
1 0.204167 0.847500 0.131667 0.160000
2 0.334167 0.495000 0.111667 0.100000
1 0.463333 0.090000 0.053333 0.110000
2 0.134167 0.268750 0.091667 0.212500
3 0.775833 0.545000 0.138333 0.135000
0 0.187500 0.428750 0.071667 0.107500
2 0.278333 0.518750 0.096667 0.122500
0 0.895000 0.648750 0.056667 0.092500
1 0.190000 0.167500 0.116667 0.145000
2 0.111667 0.651250 0.146667 0.122500
1 0.525000 0.603750 0.070000 0.082500
3 0.866667 0.323750 0.110000 0.162500
3 0.728333 0.327500 0.016667 0.050000
2 0.670833 0.092500 0.105000 0.140000
0 0.615833 0.823750 0.101667 0.117500
1 0.420000 0.712500 0.046667 0.135000
0 0.162500 0.571250 0.085000 0.122500
3 0.885000 0.631250 0.033333 0.032500
0 0.375833 0.395000 0.101667 0.155000
1 0.749167 0.362500 0.098333 0.150000
1 0.065833 0.523750 0.071667 0.112500
1 0.280000 0.428750 0.090000 0.187500
3 0.710833 0.120000 0.031667 0.075000
0 0.580833 0.145000 0.138333 0.200000
2 0.360000 0.235000 0.040000 0.070000
0 0.869167 0.715000 0.091667 0.145000
2 0.623333 0.487500 0.113333 0.200000
2 0.395000 0.368750 0.066667 0.087500
0 0.500833 0.480000 0.055000 0.065000
0 0.797500 0.236250 0.088333 0.132500
1 0.575000 0.700000 0.060000 0.120000
3 0.610000 0.141250 0.113333 0.072500
