3 0.364167 0.170000 0.128333 0.125000
1 0.650833 0.250000 0.105000 0.135000
1 0.876667 0.158750 0.113333 0.197500
1 0.802500 0.747500 0.145000 0.175000
0 0.729167 0.283750 0.068333 0.087500
3 0.758333 0.548750 0.086667 0.087500
3 0.550833 0.110000 0.045000 0.055000
2 0.853333 0.167500 0.056667 0.080000
0 0.064167 0.813750 0.125000 0.162500
0 0.329167 0.225000 0.165000 0.195000
2 0.313333 0.308750 0.196667 0.182500
0 0.643333 0.395000 0.170000 0.250000
2 0.387500 0.733750 0.101667 0.167500
3 0.330833 0.376250 0.128333 0.157500
0 0.457500 0.465000 0.091667 0.110000
1 0.630000 0.301250 0.033333 0.047500
0 0.387500 0.336250 0.091667 0.137500
2 0.145833 0.113750 0.151667 0.222500
1 0.922500 0.080000 0.068333 0.110000
1 0.154167 0.092500 0.041667 0.045000
3 0.486667 0.315000 0.026667 0.020000
