2 0.496667 0.300000 0.176667 0.190000
0 0.289167 0.112500 0.035000 0.060000
3 0.639167 0.080000 0.035000 0.065000
2 0.442500 0.288750 0.218333 0.312500
2 0.259167 0.393750 0.091667 0.127500
1 0.917500 0.835000 0.038333 0.075000
2 0.700000 0.346250 0.120000 0.152500
2 0.620000 0.807500 0.033333 0.050000
3 0.896667 0.416250 0.086667 0.142500
2 0.147500 0.595000 0.075000 0.115000
3 0.293333 0.196250 0.090000 0.112500
3 0.784167 0.821250 0.135000 0.157500
2 0.230000 0.176250 0.126667 0.197500
1 0.820833 0.317500 0.101667 0.185000
3 0.629167 0.863750 0.108333 0.102500
2 0.852500 0.746250 0.115000 0.207500
3 0.173333 0.872500 0.070000 0.080000
3 0.405833 0.461250 0.095000 0.112500
3 0.883333 0.615000 0.100000 0.130000
2 0.074167 0.707500 0.035000 0.160000
1 0.349167 0.765000 0.138333 0.170000
0 0.108333 0.227500 0.066667 0.090000
3 0.045000 0.480000 0.040000 0.055000
2 0.774167 0.831250 0.078333 0.162500
0 0.185833 0.182500 0.151667 0.260000
2 0.470000 0.392500 0.040000 0.055000
3 0.308333 0.841250 0.063333 0.122500
1 0.563333 0.763750 0.080000 0.097500
2 0.755000 0.698750 0.140000 0.112500
