1 0.062500 0.618750 0.098333 0.157500
0 0.902500 0.261250 0.071667 0.092500
2 0.466667 0.337500 0.086667 0.080000
0 0.446667 0.161250 0.053333 0.092500
1 0.823333 0.078750 0.073333 0.062500
1 0.971667 0.350000 0.033333 0.035000
2 0.487500 0.627500 0.051667 0.070000
1 0.295833 0.273750 0.075000 0.112500
3 0.593333 0.835000 0.090000 0.180000
3 0.805833 0.622500 0.041667 0.035000
2 0.268333 0.407500 0.150000 0.170000
0 0.457500 0.357500 0.115000 0.185000
2 0.553333 0.655000 0.043333 0.060000
1 0.585833 0.848750 0.045000 0.057500
2 0.564167 0.077500 0.045000 0.070000
2 0.050000 0.760000 0.023333 0.055000
1 0.752500 0.825000 0.065000 0.070000
2 0.547500 0.058750 0.075000 0.107500
3 0.553333 0.360000 0.033333 0.060000
2 0.263333 0.652500 0.033333 0.125000
3 0.822500 0.165000 0.081667 0.100000
2 0.064167 0.485000 0.115000 0.125000
0 0.510833 0.623750 0.181667 0.267500
1 0.709167 0.597500 0.068333 0.100000
3 0.913333 0.482500 0.043333 0.095000
1 0.524167 0.276250 0.085000 0.102500
2 0.566667 0.493750 0.130000 0.162500
1 0.144167 0.173750 0.091667 0.097500
1 0.412500 0.297500 0.081667 0.110000
3 0.445833 0.696250 0.088333 0.142500
0 0.054167 0.748750 0.081667 0.112500
3 0.635833 0.433750 0.128333 0.122500
0 0.936667 0.876250 0.063333 0.092500
0 0.610000 0.486250 0.053333 0.062500
