3 0.182500 0.537500 0.028333 0.095000
0 0.582500 0.180000 0.128333 0.180000
3 0.710833 0.818750 0.048333 0.052500
2 0.882500 0.915000 0.038333 0.025000
0 0.696667 0.510000 0.123333 0.210000
1 0.629167 0.430000 0.095000 0.110000
0 0.648333 0.537500 0.070000 0.110000
0 0.808333 0.456250 0.086667 0.117500
3 0.039167 0.457500 0.075000 0.125000
2 0.515000 0.595000 0.090000 0.155000
3 0.750833 0.268750 0.115000 0.122500
3 0.455833 0.833750 0.061667 0.097500
1 0.303333 0.333750 0.093333 0.132500
3 0.130000 0.482500 0.080000 0.085000
0 0.233333 0.657500 0.156667 0.250000
2 0.645000 0.523750 0.003333 0.232500
0 0.600833 0.647500 0.048333 0.080000
1 0.524167 0.316250 0.068333 0.152500
0 0.950000 0.472500 0.056667 0.100000
2 0.775833 0.201250 0.095000 0.107500
1 0.340000 0.803750 0.140000 0.177500
3 0.747500 0.533750 0.048333 0.047500
2 0.588333 0.836250 0.106667 0.202500
0 0.309167 0.800000 0.125000 0.150000
0 0.139167 0.202500 0.168333 0.280000
2 0.171667 0.460000 0.126667 0.095000
0 0.626667 0.790000 0.143333 0.225000
2 0.490000 0.417500 0.103333 0.180000
