2 0.084167 0.090000 0.081667 0.110000
2 0.885833 0.737500 0.141667 0.230000
0 0.494167 0.256250 0.118333 0.187500
3 0.626667 0.735000 0.123333 0.160000
0 0.695833 0.718750 0.181667 0.272500
2 0.623333 0.326250 0.113333 0.177500
0 0.647500 0.127500 0.045000 0.055000
1 0.746667 0.893750 0.170000 0.192500
3 0.655833 0.846250 0.045000 0.042500
2 0.741667 0.421250 0.206667 0.297500
1 0.615833 0.265000 0.098333 0.130000
0 0.543333 0.403750 0.036667 0.062500
1 0.687500 0.337500 0.068333 0.075000
3 0.559167 0.398750 0.068333 0.087500
1 0.447500 0.141250 0.058333 0.087500
2 0.021667 0.471250 0.030000 0.027500
3 0.109167 0.545000 0.125000 0.105000
1 0.695833 0.475000 0.048333 0.140000
0 0.578333 0.351250 0.193333 0.227500
3 0.883333 0.320000 0.100000 0.095000
3 0.857500 0.608750 0.105000 0.177500
2 0.202500 0.866250 0.075000 0.132500
1 0.834167 0.117500 0.091667 0.130000
3 0.246667 0.492500 0.043333 0.080000
2 0.846667 0.793750 0.076667 0.137500
1 0.288333 0.917500 0.036667 0.050000
2 0.947500 0.857500 0.048333 0.110000
2 0.041667 0.198750 0.063333 0.132500
3 0.156667 0.493750 0.226667 0.227500
2 0.145833 0.320000 0.128333 0.115000
1 0.705000 0.615000 0.093333 0.140000
3 0.805000 0.068750 0.090000 0.087500
