2 0.865000 0.192500 0.116667 0.155000
2 0.683333 0.521250 0.073333 0.127500
0 0.604167 0.475000 0.128333 0.145000
0 0.905000 0.778750 0.040000 0.052500
3 0.881667 0.916250 0.040000 0.072500
1 0.681667 0.662500 0.066667 0.125000
1 0.545000 0.681250 0.076667 0.092500
3 0.710000 0.128750 0.073333 0.082500
0 0.604167 0.367500 0.065000 0.100000
1 0.085000 0.186250 0.026667 0.047500
2 0.317500 0.202500 0.115000 0.235000
0 0.210000 0.536250 0.043333 0.062500
1 0.685000 0.597500 0.103333 0.230000
2 0.790000 0.383750 0.080000 0.067500
1 0.921667 0.121250 0.056667 0.072500
1 0.227500 0.750000 0.105000 0.140000
1 0.734167 0.482500 0.028333 0.065000
3 0.019167 0.715000 0.031667 0.090000
2 0.370000 0.795000 0.100000 0.195000
0 0.707500 0.768750 0.105000 0.157500
3 0.430833 0.753750 0.041667 0.032500
3 0.867500 0.582500 0.071667 0.190000
3 0.266667 0.751250 0.040000 0.092500
2 0.685000 0.205000 0.086667 0.130000
1 0.257500 0.707500 0.025000 0.070000
