0 0.277500 0.726250 0.141667 0.242500
3 0.349167 0.251250 0.041667 0.052500
3 0.566667 0.832500 0.030000 0.070000
0 0.543333 0.903750 0.050000 0.097500
1 0.281667 0.092500 0.040000 0.065000
1 0.919167 0.851250 0.095000 0.142500
0 0.130000 0.185000 0.126667 0.205000
2 0.648333 0.096250 0.076667 0.112500
0 0.740000 0.460000 0.103333 0.155000
2 0.149167 0.421250 0.141667 0.207500
3 0.185833 0.458750 0.055000 0.057500
0 0.663333 0.200000 0.116667 0.195000
2 0.029167 0.343750 0.045000 0.167500
1 0.319167 0.170000 0.091667 0.080000
2 0.250833 0.400000 0.115000 0.185000
3 0.400000 0.771250 0.033333 0.057500
2 0.825833 0.371250 0.095000 0.107500
0 0.570000 0.695000 0.060000 0.075000
3 0.145833 0.678750 0.048333 0.062500
3 0.533333 0.375000 0.056667 0.115000
1 0.110000 0.205000 0.133333 0.145000
2 0.396667 0.587500 0.150000 0.170000
2 0.635833 0.538750 0.045000 0.067500
2 0.857500 0.631250 0.071667 0.122500
2 0.940833 0.308750 0.035000 0.057500
2 0.430000 0.223750 0.080000 0.057500
3 0.084167 0.413750 0.078333 0.092500
1 0.698333 0.807500 0.116667 0.175000
2 0.422500 0.133750 0.078333 0.157500
2 0.507500 0.595000 0.108333 0.125000
2 0.079167 0.107500 0.108333 0.140000
0 0.573333 0.595000 0.040000 0.060000
2 0.907500 0.778750 0.065000 0.107500
2 0.547500 0.801250 0.068333 0.102500
0 0.294167 0.632500 0.108333 0.140000
3 0.539167 0.093750 0.118333 0.147500
3 0.555000 0.040000 0.056667 0.080000
2 0.385833 0.821250 0.068333 0.092500
3 0.431667 0.677500 0.116667 0.175000
2 0.060833 0.602500 0.098333 0.130000
1 0.550833 0.350000 0.051667 0.145000
