3 0.317500 0.191250 0.115000 0.087500
2 0.119167 0.572500 0.111667 0.250000
2 0.453333 0.126250 0.043333 0.067500
1 0.814167 0.248750 0.125000 0.187500
0 0.383333 0.553750 0.096667 0.152500
0 0.092500 0.872500 0.121667 0.190000
1 0.644167 0.637500 0.048333 0.055000
0 0.892500 0.297500 0.031667 0.040000
1 0.448333 0.701250 0.103333 0.132500
0 0.790000 0.891250 0.080000 0.137500
0 0.698333 0.166250 0.110000 0.172500
2 0.811667 0.537500 0.036667 0.065000
1 0.145833 0.278750 0.075000 0.097500
0 0.840000 0.498750 0.136667 0.217500
2 0.581667 0.796250 0.110000 0.217500
2 0.522500 0.231250 0.128333 0.162500
3 0.774167 0.593750 0.031667 0.027500
3 0.710000 0.195000 0.036667 0.060000
