2 0.698333 0.265000 0.170000 0.190000
1 0.870833 0.367500 0.058333 0.080000
3 0.168333 0.785000 0.036667 0.065000
3 0.089167 0.122500 0.068333 0.055000
3 0.235833 0.853750 0.105000 0.082500
1 0.365833 0.870000 0.075000 0.090000
0 0.648333 0.700000 0.100000 0.170000
2 0.512500 0.426250 0.001667 0.057500
2 0.124167 0.410000 0.125000 0.195000
0 0.655833 0.236250 0.125000 0.227500
2 0.842500 0.586250 0.108333 0.167500
1 0.235833 0.278750 0.068333 0.127500
3 0.540000 0.550000 0.103333 0.145000
1 0.738333 0.898750 0.026667 0.052500
0 0.128333 0.388750 0.120000 0.197500
1 0.141667 0.605000 0.103333 0.155000
1 0.911667 0.803750 0.170000 0.177500
3 0.567500 0.311250 0.098333 0.132500
3 0.222500 0.651250 0.088333 0.162500
3 0.939167 0.305000 0.035000 0.060000
2 0.403333 0.410000 0.130000 0.225000
1 0.586667 0.377500 0.186667 0.210000
0 0.452500 0.283750 0.071667 0.092500
3 0.782500 0.552500 0.098333 0.175000
1 0.262500 0.127500 0.035000 0.055000
1 0.901667 0.771250 0.066667 0.142500
0 0.183333 0.380000 0.103333 0.145000
0 0.100833 0.705000 0.105000 0.135000
0 0.490000 0.820000 0.083333 0.155000
1 0.325000 0.313750 0.040000 0.052500
1 0.268333 0.071250 0.086667 0.137500
0 0.372500 0.612500 0.175000 0.230000
3 0.861667 0.456250 0.073333 0.202500
3 0.451667 0.803750 0.070000 0.172500
2 0.495833 0.371250 0.081667 0.082500
2 0.554167 0.771250 0.121667 0.257500
2 0.901667 0.767500 0.086667 0.110000
1 0.613333 0.173750 0.086667 0.092500
0 0.687500 0.436250 0.145000 0.172500
1 0.448333 0.862500 0.073333 0.135000
0 0.726667 0.823750 0.240000 0.332500
1 0.724167 0.760000 0.071667 0.080000
