0 0.641667 0.500000 0.080000 0.100000
0 0.938333 0.685000 0.046667 0.070000
3 0.070833 0.096250 0.048333 0.092500
1 0.225000 0.891250 0.083333 0.097500
2 0.207500 0.421250 0.078333 0.077500
2 0.307500 0.576250 0.061667 0.062500
3 0.429167 0.136250 0.125000 0.097500
1 0.116667 0.772500 0.056667 0.115000
3 0.207500 0.247500 0.148333 0.160000
3 0.125000 0.532500 0.213333 0.280000
3 0.822500 0.587500 0.021667 0.040000
1 0.560833 0.670000 0.121667 0.170000
3 0.228333 0.360000 0.106667 0.150000
3 0.293333 0.431250 0.046667 0.047500
3 0.252500 0.238750 0.028333 0.032500
2 0.853333 0.592500 0.033333 0.050000
0 0.832500 0.216250 0.098333 0.167500
2 0.331667 0.253750 0.126667 0.187500
1 0.661667 0.205000 0.120000 0.205000
1 0.271667 0.161250 0.083333 0.107500
0 0.424167 0.713750 0.061667 0.082500
