0 0.450000 0.641250 0.053333 0.072500
0 0.534167 0.156250 0.068333 0.112500
3 0.755000 0.101250 0.076667 0.052500
3 0.833333 0.637500 0.070000 0.115000
3 0.881667 0.416250 0.110000 0.087500
2 0.435833 0.130000 0.041667 0.050000
1 0.893333 0.226250 0.053333 0.072500
0 0.203333 0.436250 0.113333 0.227500
1 0.252500 0.141250 0.125000 0.172500
2 0.566667 0.802500 0.120000 0.170000
3 0.359167 0.637500 0.095000 0.120000
2 0.717500 0.446250 0.091667 0.102500
1 0.644167 0.862500 0.118333 0.135000
2 0.522500 0.403750 0.038333 0.082500
1 0.072500 0.312500 0.091667 0.110000
2 0.045000 0.258750 0.060000 0.077500
0 0.716667 0.278750 0.060000 0.097500
3 0.193333 0.136250 0.033333 0.032500
3 0.276667 0.155000 0.050000 0.060000
3 0.400000 0.531250 0.080000 0.097500
0 0.880000 0.326250 0.123333 0.187500
1 0.336667 0.781250 0.136667 0.207500
0 0.206667 0.473750 0.080000 0.122500
1 0.340833 0.831250 0.061667 0.117500
3 0.513333 0.645000 0.046667 0.085000
3 0.448333 0.161250 0.130000 0.097500
2 0.760833 0.353750 0.128333 0.197500
2 0.189167 0.400000 0.121667 0.165000
1 0.154167 0.117500 0.101667 0.130000
3 0.701667 0.386250 0.083333 0.162500
3 0.567500 0.745000 0.068333 0.075000
2 0.325000 0.191250 0.050000 0.072500
3 0.637500 0.853750 0.031667 0.087500
