1 0.451667 0.173750 0.036667 0.077500
1 0.485000 0.748750 0.090000 0.117500
1 0.953333 0.752500 0.053333 0.075000
1 0.754167 0.223750 0.081667 0.107500
2 0.449167 0.420000 0.078333 0.145000
2 0.882500 0.656250 0.101667 0.127500
1 0.595000 0.313750 0.030000 0.047500
2 0.890833 0.677500 0.048333 0.050000
2 0.825000 0.495000 0.163333 0.165000
3 0.196667 0.106250 0.100000 0.167500
1 0.586667 0.130000 0.106667 0.145000
3 0.895000 0.110000 0.043333 0.165000
1 0.792500 0.865000 0.018333 0.050000
1 0.656667 0.281250 0.103333 0.167500
0 0.912500 0.648750 0.038333 0.052500
1 0.342500 0.111250 0.098333 0.177500
2 0.361667 0.223750 0.023333 0.087500
3 0.809167 0.565000 0.078333 0.080000
2 0.345000 0.132500 0.106667 0.155000
2 0.051667 0.836250 0.050000 0.117500
3 0.111667 0.617500 0.153333 0.165000
3 0.148333 0.925000 0.030000 0.050000
0 0.735833 0.171250 0.205000 0.307500
1 0.396667 0.707500 0.083333 0.155000
3 0.835000 0.463750 0.046667 0.037500
