1 0.310833 0.316250 0.068333 0.082500
3 0.531667 0.466250 0.026667 0.037500
2 0.735833 0.677500 0.088333 0.220000
3 0.465833 0.147500 0.085000 0.110000
2 0.671667 0.588750 0.073333 0.112500
2 0.218333 0.637500 0.120000 0.165000
0 0.151667 0.198750 0.076667 0.087500
1 0.176667 0.196250 0.053333 0.102500
2 0.189167 0.206250 0.035000 0.047500
2 0.749167 0.643750 0.068333 0.132500
0 0.166667 0.488750 0.153333 0.232500
3 0.665000 0.383750 0.050000 0.132500
2 0.785000 0.668750 0.056667 0.107500
1 0.757500 0.116250 0.061667 0.092500
0 0.724167 0.602500 0.175000 0.255000
2 0.549167 0.477500 0.125000 0.175000
0 0.221667 0.087500 0.126667 0.150000
2 0.028333 0.470000 0.043333 0.040000
1 0.309167 0.188750 0.128333 0.147500
1 0.400833 0.325000 0.108333 0.160000
2 0.594167 0.190000 0.045000 0.060000
0 0.435833 0.611250 0.071667 0.132500
2 0.566667 0.090000 0.080000 0.075000
1 0.824167 0.601250 0.078333 0.112500
3 0.226667 0.591250 0.073333 0.132500
1 0.564167 0.100000 0.095000 0.100000
2 0.229167 0.380000 0.085000 0.230000
1 0.652500 0.858750 0.055000 0.072500
1 0.142500 0.650000 0.058333 0.125000
3 0.287500 0.266250 0.065000 0.082500
3 0.933333 0.100000 0.053333 0.050000
1 0.436667 0.555000 0.100000 0.115000
3 0.545000 0.500000 0.033333 0.085000
2 0.452500 0.095000 0.085000 0.165000
1 0.524167 0.395000 0.038333 0.065000
0 0.187500 0.361250 0.091667 0.132500
0 0.196667 0.727500 0.056667 0.085000
2 0.926667 0.076250 0.083333 0.107500
1 0.639167 0.672500 0.095000 0.130000
1 0.603333 0.797500 0.030000 0.035000
2 0.561667 0.645000 0.063333 0.110000
3 0.911667 0.780000 0.086667 0.050000
1 0.410000 0.263750 0.096667 0.207500
2 0.161667 0.615000 0.123333 0.150000
3 0.665833 0.512500 0.048333 0.045000
1 0.317500 0.752500 0.038333 0.065000
