0 0.805833 0.445000 0.138333 0.155000
0 0.263333 0.527500 0.100000 0.155000
1 0.203333 0.691250 0.103333 0.137500
0 0.113333 0.682500 0.163333 0.235000
1 0.061667 0.411250 0.110000 0.177500
0 0.405000 0.678750 0.180000 0.267500
3 0.073333 0.495000 0.096667 0.140000
2 0.903333 0.197500 0.066667 0.060000
1 0.626667 0.306250 0.116667 0.137500
3 0.840833 0.567500 0.135000 0.165000
3 0.884167 0.181250 0.025000 0.037500
0 0.734167 0.808750 0.178333 0.287500
3 0.096667 0.447500 0.043333 0.060000
3 0.270833 0.161250 0.048333 0.107500
2 0.216667 0.580000 0.113333 0.215000
1 0.416667 0.647500 0.046667 0.075000
0 0.325000 0.232500 0.130000 0.195000
2 0.295000 0.381250 0.006667 0.147500
2 0.338333 0.813750 0.096667 0.182500
2 0.138333 0.157500 0.136667 0.210000
0 0.697500 0.087500 0.031667 0.050000
1 0.309167 0.240000 0.071667 0.100000
2 0.653333 0.775000 0.003333 0.150000
1 0.142500 0.711250 0.021667 0.052500
2 0.945000 0.601250 0.050000 0.107500
1 0.595833 0.461250 0.081667 0.102500
0 0.460000 0.821250 0.156667 0.227500
3 0.246667 0.606250 0.030000 0.052500
2 0.108333 0.676250 0.150000 0.152500
0 0.780833 0.071250 0.071667 0.082500
2 0.757500 0.796250 0.065000 0.162500
0 0.237500 0.521250 0.141667 0.222500
