2 0.716667 0.708750 0.170000 0.157500
2 0.084167 0.556250 0.165000 0.192500
0 0.771667 0.355000 0.146667 0.230000
3 0.241667 0.466250 0.063333 0.172500
2 0.755833 0.483750 0.058333 0.067500
1 0.546667 0.515000 0.133333 0.190000
0 0.763333 0.950000 0.056667 0.065000
1 0.326667 0.807500 0.036667 0.075000
3 0.887500 0.457500 0.108333 0.125000
1 0.967500 0.078750 0.031667 0.037500
0 0.298333 0.330000 0.070000 0.115000
3 0.825833 0.801250 0.075000 0.107500
2 0.286667 0.795000 0.060000 0.090000
0 0.344167 0.535000 0.115000 0.175000
2 0.085000 0.257500 0.076667 0.110000
2 0.090833 0.722500 0.168333 0.220000
1 0.567500 0.702500 0.091667 0.140000
1 0.566667 0.821250 0.113333 0.122500
3 0.917500 0.791250 0.028333 0.047500
1 0.446667 0.121250 0.106667 0.132500
1 0.309167 0.412500 0.148333 0.185000
2 0.755833 0.783750 0.141667 0.182500
2 0.689167 0.283750 0.135000 0.217500
2 0.866667 0.432500 0.123333 0.125000
1 0.645833 0.700000 0.028333 0.085000
2 0.435833 0.882500 0.085000 0.130000
3 0.134167 0.673750 0.055000 0.137500
3 0.606667 0.381250 0.060000 0.097500
2 0.689167 0.760000 0.068333 0.075000
0 0.697500 0.690000 0.045000 0.070000
2 0.488333 0.591250 0.040000 0.077500
1 0.595000 0.365000 0.126667 0.145000
2 0.617500 0.576250 0.071667 0.192500
1 0.200833 0.252500 0.041667 0.060000
3 0.560000 0.701250 0.053333 0.052500
2 0.709167 0.093750 0.055000 0.067500
2 0.465000 0.796250 0.033333 0.057500
1 0.815833 0.846250 0.051667 0.087500
2 0.317500 0.698750 0.085000 0.107500
0 0.437500 0.347500 0.128333 0.170000
3 0.527500 0.378750 0.111667 0.162500
0 0.763333 0.108750 0.086667 0.117500
3 0.267500 0.111250 0.098333 0.072500
1 0.409167 0.862500 0.075000 0.140000
3 0.754167 0.797500 0.048333 0.115000
1 0.872500 0.828750 0.045000 0.082500
2 0.460000 0.767500 0.086667 0.165000
