1 0.143333 0.148750 0.123333 0.167500
3 0.220833 0.673750 0.085000 0.162500
1 0.700000 0.603750 0.110000 0.127500
2 0.128333 0.326250 0.116667 0.107500
1 0.095833 0.248750 0.135000 0.192500
0 0.263333 0.852500 0.103333 0.155000
2 0.114167 0.202500 0.135000 0.205000
2 0.732500 0.866250 0.075000 0.122500
0 0.618333 0.767500 0.140000 0.225000
3 0.620000 0.662500 0.083333 0.165000
0 0.348333 0.135000 0.113333 0.180000
1 0.827500 0.523750 0.101667 0.112500
1 0.232500 0.347500 0.088333 0.130000
2 0.321667 0.873750 0.036667 0.042500
0 0.305833 0.771250 0.105000 0.167500
0 0.105833 0.538750 0.105000 0.122500
3 0.465000 0.623750 0.156667 0.157500
2 0.437500 0.318750 0.091667 0.132500
3 0.267500 0.195000 0.088333 0.055000
0 0.695833 0.156250 0.221667 0.307500
3 0.157500 0.598750 0.085000 0.092500
2 0.335000 0.867500 0.120000 0.130000
1 0.143333 0.562500 0.086667 0.190000
2 0.460833 0.602500 0.115000 0.130000
1 0.791667 0.797500 0.120000 0.190000
0 0.107500 0.780000 0.078333 0.135000
1 0.502500 0.441250 0.115000 0.167500
0 0.702500 0.708750 0.118333 0.172500
3 0.415833 0.395000 0.048333 0.055000
3 0.088333 0.620000 0.033333 0.125000
2 0.275000 0.680000 0.106667 0.145000
1 0.261667 0.341250 0.120000 0.157500
0 0.578333 0.507500 0.060000 0.095000
1 0.392500 0.418750 0.041667 0.052500
2 0.201667 0.357500 0.093333 0.105000
3 0.485833 0.432500 0.121667 0.110000
