1 0.062500 0.480000 0.071667 0.075000
3 0.245833 0.391250 0.058333 0.052500
0 0.523333 0.783750 0.123333 0.182500
1 0.477500 0.456250 0.118333 0.142500
2 0.305833 0.146250 0.041667 0.042500
0 0.597500 0.648750 0.045000 0.087500
1 0.446667 0.545000 0.050000 0.075000
3 0.769167 0.718750 0.048333 0.042500
3 0.089167 0.053750 0.091667 0.072500
1 0.244167 0.196250 0.108333 0.177500
1 0.826667 0.640000 0.066667 0.100000
1 0.493333 0.625000 0.086667 0.165000
0 0.327500 0.661250 0.128333 0.162500
3 0.560833 0.063750 0.078333 0.127500
1 0.582500 0.121250 0.071667 0.122500
3 0.613333 0.635000 0.126667 0.120000
3 0.742500 0.247500 0.225000 0.225000
1 0.785000 0.665000 0.103333 0.130000
3 0.279167 0.476250 0.035000 0.072500
0 0.588333 0.835000 0.113333 0.165000
2 0.595000 0.256250 0.090000 0.122500
2 0.671667 0.591250 0.136667 0.202500
1 0.275000 0.831250 0.073333 0.127500
0 0.084167 0.375000 0.071667 0.125000
3 0.414167 0.437500 0.075000 0.175000
1 0.119167 0.438750 0.088333 0.112500
0 0.270000 0.317500 0.086667 0.130000
3 0.220833 0.560000 0.051667 0.145000
