3 0.467500 0.080000 0.051667 0.045000
1 0.764167 0.221250 0.048333 0.062500
1 0.372500 0.277500 0.045000 0.080000
1 0.564167 0.858750 0.021667 0.047500
1 0.179167 0.510000 0.081667 0.125000
0 0.555000 0.778750 0.053333 0.077500
2 0.240833 0.131250 0.135000 0.197500
0 0.508333 0.628750 0.113333 0.222500
2 0.421667 0.355000 0.023333 0.085000
3 0.112500 0.655000 0.045000 0.070000
1 0.544167 0.068750 0.068333 0.077500
0 0.673333 0.835000 0.123333 0.245000
2 0.512500 0.803750 0.081667 0.127500
0 0.944167 0.565000 0.075000 0.110000
2 0.708333 0.616250 0.146667 0.227500
3 0.534167 0.081250 0.031667 0.097500
0 0.105000 0.456250 0.156667 0.247500
2 0.079167 0.068750 0.068333 0.067500
1 0.285000 0.062500 0.066667 0.075000
0 0.396667 0.160000 0.026667 0.040000
3 0.749167 0.800000 0.061667 0.065000
1 0.293333 0.478750 0.096667 0.157500
3 0.603333 0.663750 0.070000 0.052500
3 0.413333 0.803750 0.250000 0.287500
2 0.037500 0.411250 0.075000 0.122500
2 0.533333 0.355000 0.043333 0.070000
3 0.707500 0.368750 0.065000 0.067500
3 0.754167 0.820000 0.061667 0.095000
0 0.550000 0.271250 0.033333 0.057500
1 0.812500 0.335000 0.068333 0.085000
3 0.549167 0.398750 0.068333 0.057500
0 0.488333 0.130000 0.036667 0.060000
2 0.225833 0.267500 0.118333 0.195000
1 0.386667 0.288750 0.073333 0.097500
3 0.153333 0.365000 0.093333 0.125000
3 0.905833 0.402500 0.091667 0.095000
1 0.737500 0.551250 0.075000 0.152500
2 0.476667 0.723750 0.093333 0.212500
0 0.628333 0.742500 0.236667 0.280000
1 0.380833 0.336250 0.098333 0.147500
3 0.226667 0.146250 0.106667 0.172500
1 0.746667 0.171250 0.106667 0.132500
0 0.790833 0.958750 0.041667 0.062500
3 0.140833 0.808750 0.091667 0.052500
2 0.165833 0.682500 0.111667 0.230000
