2 0.784167 0.596250 0.041667 0.052500
0 0.554167 0.165000 0.141667 0.245000
1 0.404167 0.856250 0.078333 0.122500
2 0.122500 0.121250 0.108333 0.182500
1 0.109167 0.790000 0.051667 0.105000
0 0.184167 0.617500 0.148333 0.225000
1 0.803333 0.500000 0.076667 0.145000
3 0.744167 0.748750 0.138333 0.137500
0 0.211667 0.225000 0.143333 0.225000
2 0.895833 0.163750 0.028333 0.067500
3 0.585000 0.173750 0.053333 0.052500
2 0.298333 0.212500 0.100000 0.110000
3 0.481667 0.278750 0.113333 0.147500
1 0.862500 0.100000 0.038333 0.055000
1 0.212500 0.187500 0.108333 0.140000
2 0.968333 0.781250 0.036667 0.037500
1 0.029167 0.103750 0.041667 0.047500
2 0.470833 0.823750 0.125000 0.147500
