1 0.250000 0.643750 0.120000 0.172500
1 0.883333 0.145000 0.023333 0.040000
2 0.045833 0.356250 0.055000 0.072500
2 0.820000 0.697500 0.120000 0.150000
2 0.307500 0.758750 0.068333 0.087500
3 0.626667 0.613750 0.076667 0.087500
3 0.499167 0.615000 0.065000 0.065000
3 0.812500 0.525000 0.038333 0.085000
3 0.176667 0.086250 0.090000 0.127500
3 0.251667 0.081250 0.033333 0.027500
0 0.328333 0.907500 0.070000 0.120000
0 0.115833 0.325000 0.111667 0.175000
1 0.084167 0.465000 0.125000 0.130000
0 0.380000 0.748750 0.056667 0.082500
0 0.695000 0.395000 0.070000 0.115000
0 0.601667 0.712500 0.096667 0.155000
3 0.450833 0.150000 0.041667 0.045000
3 0.796667 0.823750 0.053333 0.047500
1 0.487500 0.853750 0.061667 0.082500
3 0.150833 0.107500 0.051667 0.130000
0 0.207500 0.728750 0.041667 0.047500
3 0.261667 0.712500 0.043333 0.135000
2 0.555833 0.690000 0.071667 0.120000
0 0.716667 0.726250 0.056667 0.067500
1 0.169167 0.518750 0.055000 0.062500
1 0.858333 0.720000 0.106667 0.200000
1 0.583333 0.281250 0.140000 0.207500
1 0.767500 0.877500 0.098333 0.130000
0 0.375000 0.770000 0.060000 0.085000
3 0.235000 0.175000 0.076667 0.115000
0 0.597500 0.828750 0.085000 0.127500
2 0.544167 0.658750 0.068333 0.072500
