2 0.435000 0.222500 0.110000 0.125000
0 0.877500 0.853750 0.171667 0.257500
1 0.040000 0.560000 0.076667 0.115000
0 0.540833 0.676250 0.031667 0.047500
2 0.286667 0.585000 0.033333 0.035000
1 0.802500 0.411250 0.095000 0.177500
2 0.865833 0.483750 0.071667 0.092500
0 0.463333 0.855000 0.076667 0.090000
2 0.401667 0.626250 0.130000 0.197500
3 0.331667 0.807500 0.070000 0.165000
0 0.756667 0.405000 0.133333 0.175000
0 0.506667 0.585000 0.150000 0.225000
0 0.319167 0.897500 0.035000 0.055000
2 0.365833 0.252500 0.085000 0.225000
3 0.910833 0.691250 0.071667 0.112500
3 0.559167 0.483750 0.021667 0.057500
1 0.340833 0.453750 0.128333 0.257500
3 0.670833 0.770000 0.061667 0.070000
0 0.853333 0.607500 0.083333 0.095000
3 0.815000 0.647500 0.066667 0.115000
0 0.393333 0.316250 0.056667 0.072500
3 0.185000 0.066250 0.040000 0.072500
1 0.460833 0.243750 0.058333 0.067500
1 0.526667 0.712500 0.030000 0.070000
2 0.298333 0.713750 0.090000 0.127500
1 0.632500 0.377500 0.038333 0.070000
