1 0.131667 0.071250 0.060000 0.097500
3 0.443333 0.676250 0.043333 0.052500
0 0.900833 0.120000 0.085000 0.125000
2 0.806667 0.766250 0.106667 0.072500
1 0.607500 0.643750 0.021667 0.047500
1 0.471667 0.917500 0.063333 0.100000
1 0.460833 0.221250 0.098333 0.152500
2 0.693333 0.283750 0.130000 0.142500
3 0.060833 0.135000 0.095000 0.060000
1 0.148333 0.697500 0.140000 0.200000
2 0.339167 0.327500 0.065000 0.125000
1 0.735833 0.690000 0.085000 0.100000
3 0.681667 0.283750 0.113333 0.187500
0 0.273333 0.403750 0.106667 0.152500
0 0.670000 0.467500 0.153333 0.220000
0 0.193333 0.526250 0.080000 0.112500
3 0.290000 0.400000 0.023333 0.055000
1 0.777500 0.091250 0.071667 0.152500
2 0.451667 0.608750 0.063333 0.092500
0 0.390833 0.530000 0.115000 0.185000
3 0.373333 0.580000 0.103333 0.065000
1 0.165000 0.443750 0.093333 0.127500
2 0.566667 0.088750 0.016667 0.057500
0 0.518333 0.438750 0.056667 0.067500
3 0.812500 0.392500 0.051667 0.040000
3 0.754167 0.847500 0.061667 0.045000
3 0.215000 0.791250 0.100000 0.077500
0 0.332500 0.592500 0.081667 0.145000
2 0.037500 0.160000 0.061667 0.175000
1 0.740000 0.457500 0.096667 0.200000
3 0.473333 0.478750 0.090000 0.077500
0 0.585000 0.823750 0.073333 0.117500
1 0.390000 0.112500 0.046667 0.105000
1 0.393333 0.682500 0.103333 0.150000
1 0.780833 0.763750 0.131667 0.167500
1 0.814167 0.530000 0.028333 0.055000
1 0.414167 0.416250 0.101667 0.272500
0 0.685000 0.641250 0.146667 0.182500
1 0.774167 0.460000 0.048333 0.055000
0 0.582500 0.386250 0.068333 0.097500
1 0.685000 0.581250 0.083333 0.112500
1 0.516667 0.678750 0.130000 0.167500
1 0.269167 0.236250 0.101667 0.147500
