3 0.132500 0.285000 0.035000 0.115000
2 0.537500 0.203750 0.111667 0.192500
0 0.815000 0.753750 0.120000 0.162500
3 0.199167 0.417500 0.085000 0.060000
3 0.373333 0.185000 0.086667 0.150000
2 0.294167 0.852500 0.091667 0.055000
2 0.357500 0.097500 0.095000 0.065000
0 0.071667 0.890000 0.093333 0.160000
3 0.249167 0.845000 0.081667 0.140000
3 0.731667 0.550000 0.100000 0.125000
1 0.641667 0.636250 0.116667 0.207500
3 0.849167 0.533750 0.048333 0.087500
3 0.636667 0.382500 0.040000 0.095000
1 0.151667 0.262500 0.056667 0.060000
2 0.115833 0.645000 0.045000 0.115000
3 0.170833 0.606250 0.081667 0.182500
3 0.130833 0.801250 0.038333 0.037500
2 0.759167 0.506250 0.045000 0.042500
1 0.776667 0.138750 0.110000 0.157500
2 0.855833 0.221250 0.168333 0.157500
1 0.048333 0.427500 0.086667 0.125000
3 0.143333 0.175000 0.096667 0.095000
1 0.149167 0.387500 0.048333 0.050000
1 0.133333 0.566250 0.133333 0.222500
0 0.205000 0.622500 0.190000 0.225000
1 0.075000 0.090000 0.090000 0.130000
3 0.139167 0.785000 0.125000 0.160000
0 0.763333 0.625000 0.040000 0.085000
1 0.460833 0.583750 0.118333 0.177500
0 0.592500 0.196250 0.091667 0.147500
2 0.546667 0.677500 0.233333 0.280000
0 0.843333 0.667500 0.096667 0.175000
2 0.578333 0.713750 0.060000 0.082500
1 0.130000 0.521250 0.053333 0.072500
1 0.212500 0.732500 0.145000 0.280000
0 0.543333 0.092500 0.096667 0.145000
0 0.237500 0.447500 0.138333 0.215000
0 0.177500 0.597500 0.128333 0.165000
0 0.045833 0.571250 0.065000 0.117500
0 0.164167 0.836250 0.111667 0.142500
2 0.300000 0.590000 0.093333 0.190000
3 0.209167 0.377500 0.058333 0.060000
0 0.815000 0.795000 0.146667 0.250000
3 0.558333 0.925000 0.046667 0.055000
