1 0.500000 0.103750 0.100000 0.157500
2 0.174167 0.857500 0.031667 0.095000
1 0.265000 0.373750 0.080000 0.087500
1 0.087500 0.743750 0.118333 0.177500
1 0.480000 0.440000 0.133333 0.170000
1 0.212500 0.805000 0.131667 0.190000
0 0.633333 0.337500 0.063333 0.100000
0 0.695000 0.081250 0.093333 0.137500
2 0.921667 0.266250 0.100000 0.122500
0 0.318333 0.801250 0.106667 0.202500
2 0.603333 0.626250 0.030000 0.002500
0 0.536667 0.158750 0.133333 0.207500
0 0.423333 0.193750 0.083333 0.117500
0 0.228333 0.427500 0.133333 0.200000
2 0.166667 0.480000 0.123333 0.140000
0 0.653333 0.912500 0.060000 0.090000
1 0.598333 0.257500 0.040000 0.050000
1 0.889167 0.407500 0.075000 0.115000
0 0.134167 0.170000 0.095000 0.140000
3 0.608333 0.917500 0.026667 0.060000
2 0.182500 0.220000 0.121667 0.175000
2 0.622500 0.823750 0.055000 0.087500
3 0.615833 0.488750 0.058333 0.137500
1 0.296667 0.571250 0.143333 0.202500
0 0.807500 0.361250 0.048333 0.077500
3 0.824167 0.437500 0.048333 0.045000
0 0.209167 0.151250 0.158333 0.237500
2 0.081667 0.368750 0.083333 0.097500
1 0.680000 0.632500 0.036667 0.035000
2 0.784167 0.163750 0.038333 0.057500
3 0.807500 0.833750 0.035000 0.127500
1 0.835000 0.446250 0.113333 0.227500
0 0.351667 0.541250 0.080000 0.097500
0 0.675000 0.645000 0.040000 0.065000
3 0.320833 0.395000 0.058333 0.130000
2 0.275833 0.708750 0.085000 0.232500
2 0.074167 0.415000 0.088333 0.055000
1 0.727500 0.282500 0.148333 0.170000
