0 0.263333 0.721250 0.033333 0.052500
3 0.179167 0.635000 0.078333 0.105000
3 0.446667 0.498750 0.030000 0.027500
1 0.323333 0.273750 0.110000 0.227500
0 0.034167 0.692500 0.045000 0.095000
0 0.683333 0.597500 0.043333 0.065000
3 0.496667 0.285000 0.073333 0.095000
0 0.775833 0.468750 0.128333 0.207500
0 0.624167 0.566250 0.095000 0.142500
1 0.070833 0.551250 0.035000 0.042500
2 0.543333 0.807500 0.066667 0.105000
1 0.029167 0.233750 0.055000 0.082500
0 0.293333 0.842500 0.183333 0.270000
0 0.201667 0.857500 0.046667 0.070000
