2 0.656667 0.936250 0.033333 0.057500
3 0.950000 0.898750 0.026667 0.017500
2 0.256667 0.611250 0.123333 0.172500
3 0.054167 0.753750 0.075000 0.057500
1 0.364167 0.885000 0.055000 0.070000
0 0.735833 0.353750 0.058333 0.087500
1 0.936667 0.818750 0.060000 0.062500
2 0.689167 0.247500 0.151667 0.155000
2 0.783333 0.800000 0.103333 0.150000
3 0.794167 0.642500 0.118333 0.180000
0 0.474167 0.320000 0.101667 0.170000
2 0.180833 0.430000 0.081667 0.095000
1 0.483333 0.370000 0.093333 0.130000
1 0.185833 0.447500 0.061667 0.075000
3 0.854167 0.252500 0.031667 0.030000
3 0.485833 0.328750 0.055000 0.122500
2 0.629167 0.288750 0.048333 0.072500
3 0.742500 0.672500 0.095000 0.160000
1 0.067500 0.137500 0.118333 0.225000
2 0.433333 0.500000 0.096667 0.080000
0 0.838333 0.177500 0.136667 0.220000
1 0.054167 0.317500 0.105000 0.080000
3 0.503333 0.626250 0.093333 0.107500
1 0.643333 0.428750 0.050000 0.062500
3 0.948333 0.307500 0.070000 0.080000
2 0.679167 0.622500 0.155000 0.225000
2 0.095833 0.181250 0.095000 0.187500
2 0.166667 0.106250 0.100000 0.177500
2 0.910000 0.363750 0.090000 0.132500
0 0.035000 0.105000 0.043333 0.070000
