1 0.665833 0.473750 0.131667 0.167500
2 0.724167 0.505000 0.038333 0.040000
2 0.215833 0.403750 0.035000 0.047500
2 0.926667 0.655000 0.033333 0.080000
3 0.922500 0.295000 0.045000 0.135000
2 0.363333 0.887500 0.056667 0.090000
0 0.305833 0.363750 0.175000 0.262500
1 0.706667 0.711250 0.066667 0.087500
1 0.389167 0.721250 0.098333 0.147500
0 0.222500 0.661250 0.041667 0.062500
2 0.806667 0.545000 0.043333 0.070000
1 0.534167 0.658750 0.145000 0.187500
2 0.876667 0.788750 0.126667 0.187500
3 0.095833 0.170000 0.118333 0.130000
2 0.685833 0.356250 0.098333 0.147500
1 0.774167 0.358750 0.068333 0.092500
2 0.725833 0.647500 0.035000 0.110000
2 0.895000 0.807500 0.106667 0.170000
2 0.364167 0.703750 0.078333 0.127500
1 0.625833 0.127500 0.118333 0.220000
2 0.375833 0.247500 0.078333 0.110000
3 0.390000 0.650000 0.106667 0.085000
0 0.063333 0.523750 0.116667 0.137500
