3 0.159167 0.477500 0.081667 0.070000
2 0.081667 0.253750 0.063333 0.092500
3 0.080000 0.167500 0.023333 0.035000
2 0.400000 0.486250 0.163333 0.152500
0 0.865833 0.775000 0.141667 0.210000
3 0.414167 0.320000 0.055000 0.085000
0 0.408333 0.500000 0.083333 0.120000
1 0.877500 0.131250 0.128333 0.172500
1 0.630833 0.343750 0.148333 0.197500
0 0.244167 0.698750 0.115000 0.177500
3 0.954167 0.552500 0.038333 0.075000
3 0.289167 0.781250 0.105000 0.112500
1 0.192500 0.105000 0.085000 0.135000
0 0.756667 0.390000 0.160000 0.250000
1 0.428333 0.733750 0.126667 0.167500
3 0.259167 0.047500 0.048333 0.080000
0 0.838333 0.935000 0.063333 0.095000
0 0.195833 0.638750 0.051667 0.087500
2 0.583333 0.251250 0.063333 0.127500
2 0.703333 0.891250 0.040000 0.102500
0 0.789167 0.171250 0.091667 0.137500
0 0.415833 0.385000 0.045000 0.095000
