2 0.180000 0.231250 0.040000 0.087500
2 0.212500 0.641250 0.128333 0.177500
0 0.599167 0.793750 0.078333 0.097500
1 0.650000 0.496250 0.053333 0.087500
1 0.108333 0.681250 0.110000 0.162500
3 0.333333 0.223750 0.050000 0.042500
1 0.635833 0.766250 0.085000 0.172500
0 0.861667 0.113750 0.136667 0.182500
3 0.486667 0.195000 0.080000 0.075000
2 0.721667 0.326250 0.030000 0.062500
0 0.863333 0.535000 0.066667 0.105000
2 0.946667 0.737500 0.013333 0.290000
0 0.629167 0.152500 0.075000 0.130000
2 0.376667 0.225000 0.096667 0.115000
1 0.460000 0.092500 0.083333 0.155000
3 0.480833 0.448750 0.035000 0.042500
2 0.632500 0.266250 0.125000 0.252500
0 0.474167 0.895000 0.145000 0.195000
1 0.781667 0.130000 0.066667 0.115000
3 0.343333 0.076250 0.033333 0.037500
1 0.780833 0.895000 0.041667 0.050000
3 0.852500 0.351250 0.098333 0.112500
0 0.750833 0.121250 0.101667 0.147500
2 0.390833 0.111250 0.115000 0.177500
2 0.302500 0.706250 0.055000 0.087500
3 0.392500 0.677500 0.135000 0.160000
1 0.512500 0.121250 0.055000 0.162500
0 0.694167 0.226250 0.108333 0.242500
2 0.491667 0.663750 0.066667 0.127500
3 0.110833 0.382500 0.128333 0.145000
1 0.209167 0.326250 0.098333 0.282500
1 0.600000 0.071250 0.036667 0.082500
0 0.491667 0.293750 0.130000 0.207500
2 0.756667 0.023750 0.033333 0.047500
1 0.119167 0.751250 0.095000 0.117500
0 0.530000 0.810000 0.083333 0.135000
0 0.425000 0.343750 0.156667 0.227500
2 0.440000 0.811250 0.140000 0.227500
