0 0.741667 0.750000 0.073333 0.105000
2 0.200000 0.871250 0.093333 0.127500
3 0.174167 0.678750 0.065000 0.152500
1 0.290000 0.342500 0.046667 0.070000
2 0.735833 0.733750 0.118333 0.177500
2 0.775000 0.886250 0.053333 0.077500
1 0.122500 0.828750 0.035000 0.082500
0 0.365833 0.261250 0.155000 0.192500
3 0.165000 0.218750 0.066667 0.062500
2 0.252500 0.462500 0.081667 0.220000
1 0.269167 0.508750 0.031667 0.042500
0 0.516667 0.591250 0.123333 0.207500
0 0.080833 0.583750 0.115000 0.167500
2 0.282500 0.122500 0.005000 0.215000
2 0.789167 0.165000 0.035000 0.055000
1 0.165833 0.210000 0.091667 0.105000
3 0.539167 0.616250 0.125000 0.147500
2 0.382500 0.505000 0.165000 0.200000
3 0.335833 0.485000 0.078333 0.130000
0 0.306667 0.528750 0.163333 0.192500
0 0.600833 0.567500 0.055000 0.065000
1 0.577500 0.676250 0.081667 0.092500
2 0.841667 0.710000 0.103333 0.115000
2 0.264167 0.395000 0.128333 0.185000
2 0.485833 0.202500 0.065000 0.110000
2 0.785000 0.872500 0.030000 0.135000
1 0.220833 0.927500 0.025000 0.050000
0 0.850833 0.502500 0.135000 0.215000
0 0.162500 0.380000 0.128333 0.190000
1 0.430833 0.392500 0.128333 0.125000
3 0.255833 0.158750 0.045000 0.047500
2 0.721667 0.632500 0.126667 0.190000
2 0.846667 0.371250 0.093333 0.247500
