1 0.681667 0.161250 0.066667 0.097500
1 0.742500 0.126250 0.141667 0.167500
0 0.150000 0.251250 0.066667 0.097500
1 0.331667 0.371250 0.063333 0.072500
1 0.597500 0.085000 0.038333 0.045000
3 0.220000 0.565000 0.080000 0.085000
3 0.497500 0.745000 0.135000 0.135000
3 0.787500 0.221250 0.048333 0.117500
3 0.651667 0.323750 0.030000 0.037500
3 0.335833 0.263750 0.085000 0.097500
1 0.273333 0.767500 0.040000 0.055000
2 0.759167 0.031250 0.021667 0.052500
1 0.233333 0.347500 0.146667 0.205000
3 0.588333 0.908750 0.030000 0.062500
0 0.335833 0.660000 0.131667 0.155000
1 0.055000 0.508750 0.100000 0.177500
0 0.367500 0.427500 0.068333 0.100000
1 0.954167 0.528750 0.045000 0.052500
1 0.457500 0.637500 0.091667 0.100000
0 0.839167 0.362500 0.035000 0.055000
0 0.948333 0.298750 0.053333 0.077500
1 0.429167 0.858750 0.095000 0.102500
3 0.058333 0.825000 0.013333 0.050000
1 0.170833 0.097500 0.098333 0.125000
1 0.177500 0.778750 0.071667 0.147500
2 0.498333 0.708750 0.036667 0.112500
2 0.546667 0.188750 0.030000 0.067500
3 0.175000 0.041250 0.030000 0.047500
1 0.365833 0.278750 0.111667 0.182500
2 0.529167 0.131250 0.098333 0.082500
1 0.917500 0.790000 0.091667 0.165000
2 0.725000 0.666250 0.086667 0.147500
0 0.304167 0.806250 0.065000 0.152500
1 0.445000 0.246250 0.043333 0.067500
0 0.043333 0.355000 0.053333 0.065000
3 0.323333 0.580000 0.050000 0.060000
2 0.430000 0.296250 0.086667 0.082500
0 0.136667 0.626250 0.120000 0.187500
3 0.326667 0.458750 0.040000 0.032500
2 0.244167 0.135000 0.098333 0.130000
3 0.275833 0.796250 0.128333 0.072500
3 0.893333 0.083750 0.076667 0.102500
0 0.803333 0.263750 0.050000 0.082500
0 0.206667 0.420000 0.033333 0.075000
2 0.921667 0.773750 0.060000 0.002500
1 0.452500 0.140000 0.075000 0.125000
1 0.220000 0.562500 0.096667 0.100000
2 0.070833 0.812500 0.038333 0.100000
