2 0.733333 0.567500 0.040000 0.070000
2 0.835833 0.688750 0.101667 0.122500
0 0.892500 0.260000 0.141667 0.210000
3 0.322500 0.853750 0.178333 0.262500
3 0.887500 0.276250 0.118333 0.097500
3 0.794167 0.506250 0.091667 0.132500
1 0.090000 0.681250 0.086667 0.132500
0 0.942500 0.691250 0.075000 0.087500
1 0.679167 0.341250 0.078333 0.142500
0 0.178333 0.390000 0.076667 0.110000
2 0.250000 0.381250 0.030000 0.057500
3 0.805000 0.792500 0.130000 0.175000
3 0.304167 0.147500 0.115000 0.075000
1 0.219167 0.680000 0.145000 0.185000
1 0.806667 0.718750 0.143333 0.212500
3 0.785833 0.788750 0.045000 0.177500
0 0.435833 0.846250 0.098333 0.157500
3 0.545833 0.738750 0.038333 0.147500
2 0.642500 0.766250 0.081667 0.217500
2 0.297500 0.762500 0.108333 0.170000
1 0.430833 0.928750 0.048333 0.077500
1 0.065833 0.550000 0.058333 0.085000
3 0.577500 0.638750 0.101667 0.157500
2 0.880833 0.431250 0.108333 0.162500
3 0.286667 0.340000 0.076667 0.150000
3 0.778333 0.721250 0.053333 0.047500
1 0.311667 0.560000 0.043333 0.055000
0 0.227500 0.691250 0.068333 0.097500
1 0.655833 0.535000 0.108333 0.125000
3 0.368333 0.341250 0.053333 0.097500
1 0.025833 0.497500 0.041667 0.065000
