2 0.664167 0.751250 0.081667 0.132500
0 0.480833 0.696250 0.151667 0.252500
0 0.985833 0.313750 0.005000 0.297500
0 0.761667 0.028750 0.036667 0.057500
1 0.324167 0.430000 0.068333 0.070000
0 0.545000 0.557500 0.100000 0.120000
1 0.307500 0.777500 0.091667 0.130000
1 0.451667 0.473750 0.070000 0.122500
2 0.115833 0.790000 0.061667 0.090000
0 0.803333 0.536250 0.126667 0.187500
0 0.714167 0.217500 0.118333 0.180000
1 0.705000 0.170000 0.030000 0.040000
1 0.292500 0.720000 0.125000 0.155000
3 0.735833 0.606250 0.071667 0.197500
1 0.689167 0.636250 0.115000 0.232500
0 0.566667 0.740000 0.100000 0.155000
1 0.149167 0.166250 0.045000 0.077500
1 0.342500 0.190000 0.118333 0.140000
2 0.595833 0.370000 0.058333 0.090000
1 0.922500 0.620000 0.085000 0.120000
1 0.100000 0.593750 0.046667 0.052500
3 0.735000 0.753750 0.043333 0.072500
1 0.230833 0.477500 0.118333 0.140000
1 0.698333 0.742500 0.070000 0.085000
2 0.463333 0.388750 0.113333 0.117500
2 0.513333 0.540000 0.103333 0.145000
3 0.048333 0.190000 0.070000 0.175000
1 0.763333 0.427500 0.050000 0.085000
