2 0.473333 0.240000 0.133333 0.175000
2 0.296667 0.540000 0.070000 0.065000
3 0.405833 0.233750 0.018333 0.072500
3 0.114167 0.186250 0.031667 0.057500
1 0.730000 0.471250 0.083333 0.107500
1 0.523333 0.585000 0.096667 0.095000
1 0.353333 0.265000 0.133333 0.140000
1 0.606667 0.422500 0.050000 0.055000
1 0.694167 0.086250 0.098333 0.152500
3 0.208333 0.282500 0.113333 0.125000
2 0.035000 0.402500 0.056667 0.100000
1 0.666667 0.292500 0.136667 0.195000
0 0.011667 0.746250 0.003333 0.192500
1 0.757500 0.065000 0.075000 0.130000
1 0.682500 0.587500 0.118333 0.115000
2 0.770000 0.425000 0.130000 0.130000
1 0.805833 0.821250 0.048333 0.107500
2 0.609167 0.486250 0.121667 0.172500
0 0.715000 0.517500 0.030000 0.050000
2 0.314167 0.598750 0.041667 0.107500
3 0.033333 0.436250 0.043333 0.117500
