3 0.739167 0.401250 0.058333 0.102500
1 0.247500 0.552500 0.131667 0.160000
2 0.830000 0.441250 0.123333 0.187500
0 0.170833 0.286250 0.125000 0.212500
0 0.319167 0.802500 0.118333 0.185000
2 0.434167 0.781250 0.075000 0.152500
3 0.686667 0.270000 0.103333 0.155000
2 0.897500 0.461250 0.158333 0.237500
2 0.786667 0.862500 0.060000 0.215000
0 0.760000 0.132500 0.043333 0.085000
2 0.381667 0.613750 0.123333 0.207500
1 0.397500 0.498750 0.055000 0.127500
3 0.320000 0.445000 0.133333 0.150000
1 0.963333 0.205000 0.033333 0.040000
1 0.842500 0.190000 0.081667 0.070000
2 0.191667 0.241250 0.100000 0.147500
2 0.505000 0.671250 0.043333 0.052500
2 0.727500 0.840000 0.131667 0.160000
1 0.435833 0.737500 0.065000 0.090000
3 0.269167 0.851250 0.081667 0.062500
1 0.418333 0.221250 0.066667 0.107500
2 0.800833 0.158750 0.101667 0.127500
0 0.621667 0.777500 0.043333 0.070000
3 0.346667 0.538750 0.060000 0.152500
2 0.360833 0.122500 0.038333 0.135000
2 0.120000 0.075000 0.050000 0.075000
