0 0.793333 0.347500 0.163333 0.245000
3 0.641667 0.576250 0.030000 0.047500
1 0.602500 0.407500 0.118333 0.200000
3 0.062500 0.385000 0.078333 0.135000
3 0.911667 0.817500 0.053333 0.100000
3 0.371667 0.762500 0.063333 0.130000
3 0.860833 0.793750 0.111667 0.082500
1 0.408333 0.443750 0.083333 0.152500
3 0.348333 0.222500 0.123333 0.100000
2 0.679167 0.835000 0.035000 0.120000
1 0.104167 0.642500 0.075000 0.085000
2 0.869167 0.802500 0.068333 0.085000
0 0.299167 0.120000 0.108333 0.160000
3 0.355000 0.410000 0.083333 0.110000
2 0.224167 0.368750 0.128333 0.187500
2 0.965833 0.936250 0.038333 0.037500
2 0.942500 0.612500 0.025000 0.050000
2 0.213333 0.348750 0.106667 0.142500
2 0.495000 0.652500 0.066667 0.060000
1 0.523333 0.082500 0.123333 0.130000
3 0.318333 0.581250 0.040000 0.037500
2 0.560000 0.786250 0.126667 0.177500
