1 0.810833 0.256250 0.108333 0.137500
3 0.290000 0.105000 0.100000 0.160000
0 0.706667 0.810000 0.103333 0.150000
0 0.657500 0.210000 0.148333 0.180000
0 0.476667 0.463750 0.126667 0.202500
1 0.580833 0.507500 0.105000 0.180000
3 0.276667 0.348750 0.066667 0.122500
2 0.239167 0.788750 0.051667 0.062500
3 0.572500 0.833750 0.055000 0.067500
0 0.277500 0.716250 0.165000 0.197500
3 0.790833 0.730000 0.095000 0.120000
2 0.889167 0.507500 0.041667 0.075000
0 0.235833 0.311250 0.141667 0.237500
0 0.148333 0.807500 0.046667 0.070000
3 0.603333 0.537500 0.063333 0.125000
0 0.861667 0.755000 0.066667 0.085000
0 0.275000 0.750000 0.073333 0.105000
2 0.487500 0.281250 0.115000 0.227500
3 0.390000 0.540000 0.103333 0.175000
1 0.515000 0.478750 0.140000 0.157500
1 0.386667 0.617500 0.176667 0.265000
2 0.150000 0.240000 0.056667 0.115000
3 0.727500 0.681250 0.078333 0.122500
3 0.363333 0.437500 0.040000 0.080000
0 0.323333 0.153750 0.066667 0.097500
1 0.766667 0.673750 0.090000 0.187500
2 0.500000 0.748750 0.116667 0.122500
1 0.419167 0.340000 0.071667 0.140000
1 0.533333 0.873750 0.046667 0.067500
0 0.677500 0.201250 0.191667 0.292500
2 0.800000 0.281250 0.103333 0.152500
1 0.052500 0.197500 0.055000 0.110000
2 0.760833 0.323750 0.031667 0.152500
3 0.384167 0.815000 0.101667 0.125000
1 0.540000 0.571250 0.080000 0.162500
0 0.309167 0.538750 0.165000 0.247500
