1 0.261667 0.746250 0.136667 0.197500
2 0.545000 0.168750 0.146667 0.177500
2 0.268333 0.070000 0.130000 0.110000
2 0.205000 0.767500 0.040000 0.060000
0 0.440000 0.583750 0.103333 0.187500
2 0.237500 0.566250 0.068333 0.107500
1 0.966667 0.267500 0.033333 0.055000
1 0.606667 0.228750 0.096667 0.197500
0 0.220000 0.446250 0.070000 0.147500
0 0.539167 0.171250 0.118333 0.162500
3 0.163333 0.178750 0.096667 0.087500
0 0.865000 0.432500 0.066667 0.080000
2 0.196667 0.052500 0.020000 0.070000
2 0.849167 0.637500 0.031667 0.020000
1 0.887500 0.346250 0.095000 0.222500
2 0.084167 0.547500 0.091667 0.080000
2 0.658333 0.173750 0.096667 0.117500
1 0.036667 0.742500 0.053333 0.095000
0 0.854167 0.547500 0.088333 0.135000
1 0.288333 0.772500 0.113333 0.140000
0 0.558333 0.817500 0.120000 0.195000
1 0.766667 0.411250 0.150000 0.182500
1 0.498333 0.727500 0.136667 0.195000
0 0.746667 0.637500 0.096667 0.120000
2 0.184167 0.516250 0.055000 0.077500
3 0.072500 0.357500 0.078333 0.100000
0 0.395000 0.172500 0.116667 0.190000
2 0.523333 0.432500 0.090000 0.095000
1 0.871667 0.672500 0.036667 0.080000
3 0.480833 0.603750 0.161667 0.187500
