2 0.105833 0.346250 0.071667 0.172500
1 0.122500 0.351250 0.048333 0.072500
1 0.050000 0.513750 0.033333 0.067500
3 0.855833 0.713750 0.035000 0.037500
2 0.862500 0.477500 0.108333 0.175000
0 0.413333 0.850000 0.093333 0.165000
0 0.177500 0.193750 0.151667 0.202500
0 0.710833 0.191250 0.091667 0.107500
2 0.439167 0.771250 0.061667 0.067500
1 0.374167 0.148750 0.095000 0.132500
0 0.485833 0.546250 0.128333 0.172500
1 0.224167 0.418750 0.051667 0.107500
3 0.145000 0.375000 0.070000 0.090000
2 0.590833 0.208750 0.075000 0.172500
3 0.510000 0.071250 0.046667 0.102500
2 0.584167 0.162500 0.081667 0.100000
2 0.350833 0.675000 0.048333 0.100000
2 0.625833 0.450000 0.075000 0.100000
2 0.356667 0.898750 0.083333 0.132500
2 0.617500 0.870000 0.051667 0.090000
2 0.550000 0.580000 0.086667 0.215000
3 0.708333 0.713750 0.110000 0.122500
1 0.311667 0.207500 0.043333 0.125000
1 0.678333 0.456250 0.053333 0.077500
2 0.563333 0.231250 0.126667 0.187500
1 0.457500 0.807500 0.041667 0.065000
0 0.365000 0.752500 0.123333 0.155000
3 0.120833 0.741250 0.138333 0.182500
2 0.096667 0.510000 0.070000 0.100000
1 0.420000 0.782500 0.053333 0.065000
3 0.191667 0.780000 0.056667 0.100000
0 0.754167 0.248750 0.061667 0.092500
3 0.365000 0.682500 0.076667 0.185000
1 0.444167 0.670000 0.115000 0.210000
3 0.046667 0.097500 0.026667 0.035000
1 0.579167 0.487500 0.155000 0.185000
2 0.801667 0.220000 0.056667 0.035000
3 0.799167 0.818750 0.035000 0.047500
2 0.855833 0.856250 0.061667 0.032500
2 0.141667 0.656250 0.103333 0.157500
2 0.584167 0.612500 0.071667 0.060000
0 0.310833 0.456250 0.061667 0.092500
3 0.209167 0.913750 0.041667 0.037500
1 0.732500 0.386250 0.131667 0.197500
2 0.424167 0.633750 0.075000 0.122500
0 0.524167 0.708750 0.125000 0.162500
3 0.446667 0.463750 0.066667 0.102500
