3 0.306667 0.541250 0.023333 0.062500
1 0.580000 0.520000 0.126667 0.225000
1 0.770000 0.810000 0.106667 0.170000
1 0.655833 0.222500 0.041667 0.055000
3 0.676667 0.296250 0.116667 0.107500
1 0.820000 0.635000 0.130000 0.210000
2 0.497500 0.352500 0.055000 0.145000
2 0.517500 0.820000 0.175000 0.290000
1 0.811667 0.506250 0.090000 0.122500
1 0.080833 0.357500 0.145000 0.165000
2 0.716667 0.546250 0.090000 0.127500
1 0.881667 0.773750 0.036667 0.067500
1 0.789167 0.857500 0.115000 0.145000
2 0.851667 0.662500 0.050000 0.085000
3 0.642500 0.800000 0.155000 0.155000
2 0.612500 0.260000 0.111667 0.235000
2 0.373333 0.591250 0.140000 0.112500
2 0.653333 0.348750 0.100000 0.092500
1 0.576667 0.198750 0.063333 0.067500
0 0.769167 0.671250 0.145000 0.192500
3 0.683333 0.423750 0.100000 0.197500
1 0.870833 0.115000 0.108333 0.180000
0 0.129167 0.905000 0.051667 0.080000
3 0.415833 0.435000 0.188333 0.280000
0 0.537500 0.326250 0.085000 0.117500
3 0.175000 0.493750 0.106667 0.127500
3 0.179167 0.433750 0.038333 0.097500
0 0.223333 0.813750 0.070000 0.122500
2 0.241667 0.871250 0.046667 0.197500
2 0.690833 0.726250 0.108333 0.152500
2 0.861667 0.320000 0.166667 0.160000
1 0.066667 0.068750 0.040000 0.042500
2 0.674167 0.138750 0.041667 0.062500
1 0.319167 0.412500 0.118333 0.210000
0 0.832500 0.712500 0.045000 0.055000
