3 0.077500 0.802500 0.081667 0.120000
0 0.701667 0.520000 0.036667 0.060000
1 0.261667 0.385000 0.070000 0.110000
0 0.440833 0.818750 0.111667 0.172500
1 0.219167 0.868750 0.058333 0.067500
1 0.682500 0.107500 0.088333 0.135000
0 0.716667 0.603750 0.113333 0.207500
1 0.095833 0.853750 0.115000 0.162500
3 0.802500 0.671250 0.095000 0.102500
1 0.170000 0.836250 0.120000 0.172500
2 0.715000 0.356250 0.030000 0.047500
2 0.340833 0.131250 0.085000 0.102500
0 0.774167 0.555000 0.151667 0.255000
3 0.613333 0.775000 0.103333 0.130000
