1 0.506667 0.487500 0.103333 0.195000
3 0.083333 0.705000 0.053333 0.055000
2 0.151667 0.158750 0.140000 0.197500
1 0.349167 0.470000 0.135000 0.155000
3 0.406667 0.580000 0.106667 0.080000
3 0.845833 0.502500 0.081667 0.235000
1 0.857500 0.576250 0.065000 0.092500
0 0.850000 0.458750 0.090000 0.132500
2 0.310000 0.518750 0.143333 0.172500
1 0.154167 0.461250 0.128333 0.152500
0 0.165833 0.236250 0.095000 0.152500
1 0.817500 0.801250 0.111667 0.127500
2 0.317500 0.553750 0.085000 0.132500
3 0.891667 0.631250 0.063333 0.072500
0 0.760833 0.938750 0.061667 0.092500
0 0.845833 0.815000 0.055000 0.125000
1 0.550000 0.483750 0.143333 0.187500
3 0.260000 0.285000 0.040000 0.100000
2 0.390000 0.627500 0.090000 0.105000
1 0.358333 0.247500 0.076667 0.140000
3 0.528333 0.362500 0.016667 0.040000
3 0.820833 0.682500 0.028333 0.030000
2 0.907500 0.082500 0.028333 0.085000
2 0.569167 0.475000 0.121667 0.235000
2 0.600833 0.375000 0.155000 0.235000
0 0.727500 0.868750 0.111667 0.162500
0 0.120000 0.243750 0.076667 0.082500
1 0.488333 0.373750 0.093333 0.172500
2 0.585000 0.221250 0.100000 0.232500
0 0.432500 0.577500 0.068333 0.080000
0 0.692500 0.632500 0.171667 0.245000
0 0.671667 0.752500 0.113333 0.135000
3 0.861667 0.582500 0.086667 0.170000
0 0.443333 0.167500 0.173333 0.260000
3 0.904167 0.415000 0.061667 0.060000
0 0.249167 0.426250 0.151667 0.237500
0 0.675000 0.177500 0.106667 0.150000
3 0.034167 0.037500 0.051667 0.065000
3 0.774167 0.706250 0.125000 0.107500
3 0.375833 0.762500 0.045000 0.045000
2 0.146667 0.821250 0.116667 0.162500
2 0.878333 0.527500 0.090000 0.125000
1 0.592500 0.885000 0.061667 0.065000
1 0.243333 0.333750 0.143333 0.177500
0 0.499167 0.691250 0.085000 0.192500
0 0.035000 0.958750 0.036667 0.057500
