0 0.197500 0.491250 0.035000 0.047500
2 0.181667 0.576250 0.146667 0.167500
1 0.249167 0.588750 0.065000 0.072500
3 0.415000 0.778750 0.033333 0.037500
2 0.315833 0.288750 0.035000 0.057500
3 0.240833 0.481250 0.111667 0.072500
2 0.830833 0.202500 0.085000 0.110000
1 0.645833 0.206250 0.085000 0.187500
0 0.080000 0.655000 0.126667 0.205000
0 0.464167 0.432500 0.075000 0.110000
0 0.078333 0.098750 0.070000 0.092500
3 0.295000 0.782500 0.020000 0.045000
2 0.140833 0.242500 0.131667 0.190000
1 0.277500 0.655000 0.095000 0.140000
3 0.399167 0.776250 0.048333 0.127500
0 0.101667 0.622500 0.063333 0.090000
0 0.453333 0.591250 0.160000 0.242500
