1 0.715000 0.740000 0.050000 0.060000
1 0.387500 0.712500 0.155000 0.145000
2 0.079167 0.391250 0.028333 0.052500
2 0.229167 0.821250 0.095000 0.137500
2 0.580000 0.870000 0.120000 0.125000
3 0.287500 0.705000 0.095000 0.220000
0 0.557500 0.668750 0.101667 0.147500
0 0.268333 0.356250 0.056667 0.087500
2 0.166667 0.690000 0.103333 0.125000
3 0.309167 0.221250 0.088333 0.177500
2 0.513333 0.622500 0.070000 0.120000
0 0.385833 0.217500 0.078333 0.120000
3 0.162500 0.470000 0.028333 0.030000
2 0.512500 0.406250 0.088333 0.132500
2 0.828333 0.497500 0.096667 0.200000
0 0.252500 0.157500 0.128333 0.195000
2 0.731667 0.801250 0.140000 0.197500
1 0.505000 0.323750 0.060000 0.097500
1 0.443333 0.815000 0.073333 0.090000
2 0.079167 0.612500 0.045000 0.120000
