0 0.187500 0.890000 0.058333 0.090000
2 0.100000 0.270000 0.083333 0.165000
2 0.601667 0.286250 0.083333 0.137500
0 0.018333 0.438750 0.030000 0.062500
2 0.495000 0.245000 0.040000 0.115000
1 0.270000 0.406250 0.126667 0.172500
0 0.095000 0.925000 0.053333 0.105000
1 0.200833 0.635000 0.118333 0.165000
2 0.835833 0.411250 0.131667 0.197500
3 0.303333 0.208750 0.100000 0.162500
1 0.752500 0.290000 0.038333 0.045000
1 0.170000 0.323750 0.030000 0.037500
2 0.659167 0.278750 0.161667 0.152500
1 0.382500 0.047500 0.035000 0.065000
0 0.072500 0.241250 0.085000 0.127500
2 0.719167 0.858750 0.028333 0.112500
2 0.115833 0.276250 0.085000 0.192500
2 0.108333 0.260000 0.160000 0.135000
3 0.077500 0.451250 0.045000 0.082500
0 0.489167 0.136250 0.085000 0.162500
1 0.263333 0.071250 0.066667 0.097500
0 0.380833 0.257500 0.151667 0.280000
2 0.198333 0.785000 0.060000 0.090000
3 0.312500 0.651250 0.128333 0.147500
3 0.448333 0.741250 0.033333 0.027500
0 0.349167 0.742500 0.128333 0.195000
1 0.078333 0.353750 0.093333 0.147500
1 0.379167 0.140000 0.095000 0.125000
1 0.211667 0.685000 0.113333 0.170000
2 0.903333 0.498750 0.123333 0.102500
0 0.720000 0.797500 0.063333 0.125000
0 0.417500 0.395000 0.068333 0.165000
1 0.631667 0.531250 0.120000 0.237500
2 0.722500 0.106250 0.065000 0.097500
3 0.340000 0.075000 0.123333 0.100000
0 0.250833 0.735000 0.061667 0.095000
0 0.806667 0.391250 0.146667 0.257500
1 0.443333 0.531250 0.060000 0.072500
2 0.732500 0.230000 0.081667 0.105000
0 0.748333 0.553750 0.046667 0.067500
0 0.853333 0.797500 0.073333 0.095000
3 0.596667 0.700000 0.046667 0.090000
3 0.362500 0.251250 0.058333 0.052500
3 0.384167 0.592500 0.051667 0.070000
0 0.614167 0.841250 0.045000 0.072500
2 0.175833 0.618750 0.088333 0.127500
1 0.110000 0.646250 0.093333 0.147500
1 0.450833 0.266250 0.058333 0.077500
1 0.880000 0.327500 0.116667 0.155000
1 0.102500 0.482500 0.065000 0.105000
