2 0.055833 0.815000 0.045000 0.055000
0 0.195833 0.420000 0.081667 0.175000
3 0.810000 0.733750 0.060000 0.197500
1 0.428333 0.730000 0.043333 0.050000
1 0.499167 0.851250 0.055000 0.062500
0 0.270000 0.231250 0.030000 0.042500
0 0.576667 0.877500 0.070000 0.090000
3 0.877500 0.286250 0.028333 0.082500
3 0.785000 0.337500 0.116667 0.090000
3 0.447500 0.586250 0.098333 0.092500
0 0.534167 0.138750 0.108333 0.162500
0 0.655000 0.625000 0.076667 0.185000
3 0.697500 0.167500 0.031667 0.080000
0 0.673333 0.043750 0.033333 0.042500
1 0.882500 0.152500 0.091667 0.105000
0 0.242500 0.527500 0.131667 0.200000
0 0.254167 0.591250 0.128333 0.172500
2 0.440000 0.668750 0.096667 0.167500
0 0.347500 0.072500 0.068333 0.110000
2 0.456667 0.151250 0.153333 0.207500
0 0.436667 0.895000 0.116667 0.185000
