3 0.411667 0.417500 0.060000 0.075000
2 0.855833 0.171250 0.115000 0.212500
0 0.543333 0.470000 0.110000 0.125000
0 0.864167 0.176250 0.071667 0.112500
3 0.241667 0.278750 0.103333 0.087500
3 0.255000 0.523750 0.133333 0.137500
2 0.562500 0.328750 0.085000 0.207500
1 0.309167 0.443750 0.088333 0.107500
1 0.673333 0.577500 0.090000 0.160000
0 0.750000 0.852500 0.090000 0.115000
3 0.360000 0.465000 0.100000 0.115000
3 0.047500 0.056250 0.028333 0.097500
0 0.343333 0.196250 0.133333 0.227500
2 0.350000 0.231250 0.126667 0.107500
2 0.594167 0.730000 0.078333 0.190000
1 0.518333 0.336250 0.026667 0.062500
0 0.437500 0.333750 0.098333 0.167500
2 0.480000 0.770000 0.143333 0.240000
0 0.190833 0.340000 0.118333 0.185000
2 0.546667 0.860000 0.126667 0.195000
1 0.587500 0.346250 0.111667 0.127500
0 0.559167 0.747500 0.098333 0.215000
3 0.784167 0.583750 0.095000 0.077500
3 0.543333 0.548750 0.133333 0.127500
1 0.745000 0.776250 0.133333 0.212500
2 0.927500 0.645000 0.105000 0.145000
0 0.579167 0.486250 0.038333 0.057500
2 0.651667 0.267500 0.090000 0.195000
2 0.175833 0.797500 0.095000 0.160000
0 0.093333 0.535000 0.080000 0.120000
0 0.521667 0.051250 0.056667 0.077500
1 0.057500 0.761250 0.035000 0.087500
3 0.069167 0.383750 0.075000 0.132500
3 0.379167 0.145000 0.035000 0.025000
0 0.319167 0.421250 0.131667 0.167500
