3 0.171667 0.062500 0.056667 0.095000
3 0.120000 0.770000 0.046667 0.065000
1 0.155000 0.142500 0.110000 0.135000
0 0.135833 0.323750 0.165000 0.212500
2 0.789167 0.851250 0.105000 0.002500
2 0.528333 0.745000 0.066667 0.095000
1 0.631667 0.158750 0.056667 0.127500
1 0.720833 0.900000 0.061667 0.125000
3 0.366667 0.396250 0.063333 0.152500
0 0.200833 0.195000 0.108333 0.165000
2 0.784167 0.106250 0.048333 0.067500
2 0.281667 0.928750 0.040000 0.092500
1 0.300000 0.197500 0.103333 0.280000
3 0.527500 0.181250 0.051667 0.062500
1 0.437500 0.911250 0.071667 0.092500
0 0.863333 0.480000 0.113333 0.205000
0 0.465000 0.340000 0.086667 0.220000
3 0.115000 0.413750 0.113333 0.147500
3 0.308333 0.175000 0.056667 0.130000
0 0.321667 0.710000 0.066667 0.085000
2 0.863333 0.696250 0.156667 0.182500
0 0.206667 0.591250 0.170000 0.252500
3 0.711667 0.056250 0.120000 0.107500
0 0.820000 0.556250 0.053333 0.092500
1 0.691667 0.578750 0.040000 0.057500
1 0.139167 0.365000 0.028333 0.045000
0 0.260833 0.303750 0.081667 0.122500
