0 0.953333 0.593750 0.066667 0.092500
3 0.800833 0.366250 0.091667 0.087500
3 0.836667 0.047500 0.046667 0.035000
1 0.895000 0.345000 0.136667 0.255000
2 0.877500 0.208750 0.118333 0.227500
1 0.444167 0.506250 0.065000 0.172500
0 0.917500 0.851250 0.035000 0.052500
3 0.911667 0.278750 0.070000 0.067500
3 0.630833 0.401250 0.051667 0.047500
3 0.928333 0.487500 0.063333 0.045000
0 0.146667 0.183750 0.060000 0.087500
1 0.847500 0.703750 0.105000 0.132500
3 0.140833 0.277500 0.028333 0.035000
1 0.590000 0.428750 0.133333 0.192500
2 0.576667 0.476250 0.153333 0.217500
2 0.466667 0.715000 0.133333 0.155000
1 0.191667 0.517500 0.063333 0.105000
0 0.138333 0.591250 0.156667 0.227500
