1 0.441667 0.391250 0.156667 0.162500
2 0.286667 0.256250 0.093333 0.097500
1 0.685000 0.690000 0.076667 0.150000
1 0.314167 0.225000 0.075000 0.070000
0 0.744167 0.421250 0.108333 0.262500
2 0.290833 0.540000 0.098333 0.180000
0 0.941667 0.890000 0.033333 0.055000
1 0.305833 0.266250 0.031667 0.052500
2 0.439167 0.871250 0.085000 0.092500
2 0.558333 0.613750 0.043333 0.067500
3 0.082500 0.093750 0.108333 0.117500
2 0.272500 0.688750 0.081667 0.077500
1 0.895000 0.303750 0.076667 0.157500
1 0.868333 0.713750 0.043333 0.062500
2 0.870833 0.755000 0.031667 0.055000
3 0.490000 0.680000 0.116667 0.130000
0 0.681667 0.503750 0.080000 0.112500
1 0.098333 0.782500 0.116667 0.140000
3 0.849167 0.275000 0.065000 0.055000
2 0.611667 0.180000 0.050000 0.150000
1 0.562500 0.523750 0.118333 0.172500
2 0.321667 0.721250 0.070000 0.107500
2 0.590833 0.191250 0.051667 0.117500
2 0.479167 0.330000 0.125000 0.160000
2 0.136667 0.632500 0.023333 0.065000
0 0.635833 0.896250 0.101667 0.152500
3 0.425833 0.748750 0.101667 0.132500
1 0.248333 0.611250 0.116667 0.182500
2 0.320000 0.106250 0.100000 0.112500
1 0.490833 0.876250 0.078333 0.157500
1 0.197500 0.486250 0.051667 0.122500
3 0.154167 0.740000 0.065000 0.145000
0 0.202500 0.505000 0.138333 0.225000
0 0.221667 0.165000 0.150000 0.170000
0 0.526667 0.357500 0.116667 0.175000
2 0.462500 0.695000 0.075000 0.125000
2 0.116667 0.353750 0.110000 0.112500
0 0.400833 0.778750 0.065000 0.112500
3 0.689167 0.375000 0.071667 0.140000
2 0.520000 0.071250 0.030000 0.067500
