0 0.887500 0.916250 0.038333 0.062500
1 0.714167 0.310000 0.141667 0.180000
1 0.627500 0.697500 0.055000 0.075000
1 0.555833 0.166250 0.061667 0.137500
1 0.090000 0.842500 0.056667 0.065000
0 0.360000 0.728750 0.133333 0.177500
2 0.109167 0.606250 0.155000 0.187500
1 0.897500 0.376250 0.058333 0.082500
2 0.941667 0.096250 0.066667 0.087500
1 0.278333 0.583750 0.103333 0.147500
1 0.782500 0.798750 0.135000 0.162500
3 0.675000 0.620000 0.083333 0.105000
3 0.483333 0.457500 0.106667 0.090000
2 0.627500 0.243750 0.105000 0.102500
1 0.454167 0.312500 0.025000 0.050000
1 0.300000 0.203750 0.140000 0.162500
1 0.825833 0.647500 0.001667 0.000000
2 0.524167 0.437500 0.055000 0.085000
1 0.317500 0.675000 0.088333 0.115000
3 0.283333 0.680000 0.033333 0.060000
0 0.444167 0.366250 0.095000 0.157500
2 0.504167 0.353750 0.065000 0.097500
1 0.170833 0.110000 0.095000 0.105000
2 0.702500 0.421250 0.031667 0.052500
2 0.752500 0.737500 0.088333 0.255000
0 0.680833 0.335000 0.178333 0.240000
2 0.391667 0.313750 0.113333 0.117500
3 0.522500 0.512500 0.068333 0.040000
2 0.572500 0.511250 0.118333 0.127500
1 0.898333 0.248750 0.083333 0.102500
1 0.213333 0.181250 0.050000 0.142500
0 0.588333 0.841250 0.103333 0.172500
3 0.932500 0.606250 0.048333 0.062500
2 0.846667 0.243750 0.040000 0.057500
3 0.298333 0.776250 0.230000 0.307500
0 0.750833 0.720000 0.105000 0.160000
3 0.199167 0.188750 0.235000 0.307500
1 0.435000 0.095000 0.063333 0.095000
0 0.808333 0.555000 0.080000 0.115000
3 0.163333 0.246250 0.056667 0.082500
0 0.383333 0.356250 0.076667 0.112500
0 0.730000 0.137500 0.043333 0.070000
3 0.798333 0.061250 0.030000 0.057500
1 0.477500 0.931250 0.055000 0.062500
0 0.166667 0.232500 0.136667 0.210000
2 0.849167 0.322500 0.105000 0.165000
2 0.909167 0.537500 0.111667 0.140000
