2 0.464167 0.707500 0.105000 0.165000
3 0.157500 0.706250 0.095000 0.117500
1 0.330833 0.095000 0.068333 0.140000
1 0.501667 0.107500 0.060000 0.085000
2 0.867500 0.848750 0.035000 0.067500
1 0.496667 0.388750 0.050000 0.087500
2 0.139167 0.411250 0.118333 0.197500
0 0.552500 0.713750 0.041667 0.062500
3 0.373333 0.533750 0.083333 0.167500
3 0.261667 0.700000 0.046667 0.050000
1 0.706667 0.332500 0.080000 0.140000
3 0.524167 0.423750 0.135000 0.127500
0 0.073333 0.376250 0.146667 0.232500
2 0.096667 0.270000 0.080000 0.215000
2 0.141667 0.151250 0.116667 0.227500
1 0.247500 0.800000 0.041667 0.085000
0 0.436667 0.766250 0.076667 0.107500
3 0.858333 0.401250 0.090000 0.072500
3 0.187500 0.841250 0.111667 0.107500
0 0.365000 0.125000 0.113333 0.175000
3 0.641667 0.685000 0.053333 0.195000
2 0.567500 0.296250 0.111667 0.167500
0 0.604167 0.820000 0.051667 0.085000
2 0.592500 0.835000 0.068333 0.105000
2 0.900833 0.486250 0.118333 0.182500
0 0.617500 0.296250 0.095000 0.137500
0 0.478333 0.140000 0.153333 0.220000
0 0.454167 0.591250 0.095000 0.132500
2 0.266667 0.232500 0.110000 0.170000
1 0.507500 0.331250 0.031667 0.072500
1 0.265833 0.500000 0.071667 0.165000
0 0.306667 0.721250 0.113333 0.182500
1 0.146667 0.665000 0.133333 0.170000
0 0.417500 0.346250 0.125000 0.192500
0 0.825833 0.312500 0.131667 0.165000
2 0.238333 0.550000 0.033333 0.085000
1 0.410000 0.115000 0.060000 0.115000
0 0.547500 0.325000 0.081667 0.130000
2 0.427500 0.818750 0.168333 0.242500
2 0.428333 0.767500 0.156667 0.210000
1 0.582500 0.387500 0.155000 0.300000
2 0.825000 0.178750 0.103333 0.167500
0 0.340000 0.695000 0.130000 0.145000
0 0.458333 0.151250 0.036667 0.052500
2 0.774167 0.635000 0.161667 0.185000
3 0.446667 0.348750 0.016667 0.042500
1 0.506667 0.396250 0.040000 0.082500
2 0.095000 0.596250 0.086667 0.112500
