1 0.699167 0.560000 0.031667 0.035000
3 0.484167 0.090000 0.045000 0.035000
2 0.917500 0.862500 0.065000 0.145000
1 0.911667 0.072500 0.053333 0.060000
3 0.607500 0.682500 0.081667 0.070000
2 0.690000 0.832500 0.046667 0.045000
0 0.884167 0.597500 0.115000 0.175000
1 0.844167 0.731250 0.068333 0.112500
3 0.234167 0.415000 0.115000 0.080000
1 0.840833 0.601250 0.045000 0.067500
0 0.048333 0.758750 0.030000 0.057500
1 0.420000 0.661250 0.110000 0.197500
0 0.604167 0.496250 0.111667 0.182500
1 0.846667 0.280000 0.130000 0.150000
