0 0.639167 0.435000 0.115000 0.190000
1 0.190833 0.225000 0.068333 0.110000
2 0.388333 0.275000 0.146667 0.215000
2 0.707500 0.232500 0.091667 0.150000
0 0.171667 0.663750 0.120000 0.182500
2 0.186667 0.378750 0.136667 0.172500
1 0.533333 0.626250 0.066667 0.097500
3 0.830000 0.291250 0.060000 0.177500
1 0.523333 0.743750 0.073333 0.132500
0 0.725000 0.158750 0.136667 0.202500
2 0.885000 0.378750 0.083333 0.127500
1 0.120000 0.783750 0.116667 0.137500
0 0.066667 0.891250 0.033333 0.042500
3 0.263333 0.467500 0.040000 0.035000
2 0.338333 0.808750 0.126667 0.212500
1 0.853333 0.623750 0.056667 0.067500
1 0.108333 0.408750 0.093333 0.117500
3 0.240000 0.152500 0.053333 0.055000
1 0.194167 0.641250 0.065000 0.077500
2 0.630000 0.220000 0.130000 0.135000
0 0.466667 0.636250 0.140000 0.217500
2 0.912500 0.575000 0.021667 0.065000
1 0.842500 0.626250 0.031667 0.047500
0 0.860833 0.455000 0.041667 0.065000
3 0.160833 0.026250 0.058333 0.047500
1 0.452500 0.608750 0.078333 0.157500
3 0.445000 0.435000 0.093333 0.080000
2 0.545833 0.095000 0.051667 0.125000
2 0.824167 0.568750 0.081667 0.112500
2 0.402500 0.251250 0.178333 0.167500
2 0.425000 0.043750 0.030000 0.042500
2 0.445833 0.773750 0.088333 0.127500
