1 0.401667 0.767500 0.106667 0.300000
0 0.731667 0.553750 0.110000 0.147500
2 0.777500 0.358750 0.138333 0.122500
1 0.545833 0.165000 0.131667 0.175000
1 0.439167 0.665000 0.095000 0.125000
0 0.300833 0.417500 0.138333 0.220000
3 0.601667 0.527500 0.086667 0.075000
1 0.804167 0.167500 0.045000 0.090000
1 0.801667 0.273750 0.056667 0.052500
0 0.609167 0.701250 0.088333 0.137500
1 0.681667 0.433750 0.133333 0.207500
0 0.899167 0.247500 0.128333 0.205000
3 0.642500 0.682500 0.035000 0.040000
1 0.430833 0.076250 0.111667 0.152500
1 0.361667 0.690000 0.056667 0.115000
1 0.834167 0.393750 0.128333 0.152500
0 0.332500 0.896250 0.055000 0.062500
1 0.778333 0.566250 0.086667 0.107500
0 0.922500 0.222500 0.091667 0.220000
2 0.211667 0.785000 0.126667 0.180000
2 0.405000 0.505000 0.116667 0.165000
3 0.649167 0.871250 0.045000 0.067500
3 0.123333 0.241250 0.123333 0.102500
3 0.844167 0.721250 0.055000 0.047500
3 0.480833 0.927500 0.031667 0.055000
0 0.309167 0.230000 0.108333 0.170000
2 0.070833 0.663750 0.078333 0.097500
0 0.395833 0.355000 0.105000 0.180000
1 0.275833 0.656250 0.065000 0.087500
1 0.101667 0.638750 0.106667 0.132500
3 0.942500 0.932500 0.085000 0.110000
0 0.571667 0.865000 0.056667 0.080000
0 0.095000 0.775000 0.123333 0.190000
0 0.779167 0.670000 0.101667 0.155000
3 0.656667 0.582500 0.100000 0.140000
1 0.658333 0.243750 0.093333 0.162500
2 0.755000 0.135000 0.033333 0.055000
2 0.891667 0.537500 0.153333 0.205000
2 0.780000 0.231250 0.093333 0.132500
0 0.108333 0.658750 0.120000 0.262500
2 0.414167 0.683750 0.101667 0.162500
2 0.330000 0.670000 0.150000 0.120000
