1 0.159167 0.396250 0.071667 0.102500
1 0.085000 0.333750 0.040000 0.042500
2 0.801667 0.196250 0.163333 0.222500
1 0.951667 0.715000 0.040000 0.090000
0 0.727500 0.728750 0.041667 0.057500
1 0.577500 0.116250 0.051667 0.057500
2 0.948333 0.665000 0.050000 0.045000
3 0.650000 0.563750 0.106667 0.142500
1 0.129167 0.645000 0.128333 0.125000
0 0.772500 0.251250 0.048333 0.072500
3 0.062500 0.526250 0.065000 0.062500
3 0.179167 0.591250 0.065000 0.077500
3 0.317500 0.553750 0.081667 0.112500
0 0.359167 0.132500 0.031667 0.055000
1 0.172500 0.831250 0.035000 0.042500
1 0.086667 0.798750 0.106667 0.202500
1 0.076667 0.788750 0.090000 0.112500
2 0.348333 0.586250 0.046667 0.067500
3 0.108333 0.913750 0.040000 0.047500
3 0.885000 0.778750 0.086667 0.092500
3 0.845833 0.465000 0.021667 0.035000
3 0.578333 0.788750 0.093333 0.077500
3 0.759167 0.840000 0.091667 0.095000
2 0.881667 0.476250 0.163333 0.222500
1 0.739167 0.137500 0.061667 0.120000
1 0.696667 0.255000 0.143333 0.215000
0 0.765833 0.803750 0.078333 0.117500
3 0.911667 0.496250 0.083333 0.082500
0 0.397500 0.565000 0.145000 0.220000
1 0.307500 0.688750 0.105000 0.157500
2 0.873333 0.213750 0.106667 0.122500
3 0.525000 0.680000 0.216667 0.165000
2 0.308333 0.810000 0.026667 0.075000
3 0.368333 0.568750 0.120000 0.112500
