0 0.830833 0.187500 0.095000 0.135000
3 0.378333 0.082500 0.063333 0.125000
1 0.516667 0.491250 0.156667 0.177500
1 0.784167 0.127500 0.041667 0.060000
1 0.232500 0.387500 0.075000 0.155000
1 0.390833 0.661250 0.101667 0.192500
0 0.444167 0.868750 0.105000 0.157500
0 0.371667 0.646250 0.083333 0.172500
0 0.852500 0.768750 0.041667 0.062500
2 0.820000 0.125000 0.033333 0.050000
3 0.090000 0.620000 0.036667 0.030000
1 0.756667 0.837500 0.113333 0.180000
0 0.595000 0.768750 0.146667 0.222500
0 0.565833 0.647500 0.028333 0.040000
3 0.355833 0.111250 0.118333 0.167500
3 0.880000 0.236250 0.113333 0.087500
0 0.366667 0.343750 0.113333 0.187500
2 0.837500 0.788750 0.075000 0.077500
2 0.272500 0.397500 0.101667 0.170000
0 0.577500 0.162500 0.038333 0.055000
3 0.574167 0.461250 0.035000 0.077500
1 0.694167 0.611250 0.121667 0.152500
1 0.720000 0.292500 0.126667 0.210000
0 0.433333 0.387500 0.080000 0.125000
1 0.603333 0.211250 0.086667 0.152500
3 0.959167 0.505000 0.011667 0.045000
0 0.454167 0.372500 0.125000 0.220000
3 0.790833 0.421250 0.131667 0.092500
0 0.133333 0.717500 0.093333 0.145000
