0 0.484167 0.542500 0.128333 0.200000
2 0.165000 0.236250 0.046667 0.197500
1 0.180000 0.490000 0.133333 0.150000
2 0.031667 0.115000 0.040000 0.040000
0 0.693333 0.385000 0.123333 0.195000
1 0.628333 0.763750 0.116667 0.217500
2 0.434167 0.347500 0.108333 0.145000
1 0.266667 0.226250 0.093333 0.162500
0 0.825833 0.851250 0.055000 0.077500
2 0.703333 0.253750 0.046667 0.067500
2 0.479167 0.807500 0.115000 0.005000
3 0.295000 0.848750 0.053333 0.147500
2 0.099167 0.121250 0.065000 0.107500
0 0.193333 0.780000 0.123333 0.185000
2 0.876667 0.052500 0.033333 0.050000
3 0.892500 0.527500 0.055000 0.080000
3 0.224167 0.560000 0.048333 0.065000
3 0.309167 0.898750 0.045000 0.057500
1 0.428333 0.486250 0.100000 0.132500
1 0.275000 0.260000 0.120000 0.180000
1 0.115833 0.818750 0.085000 0.112500
1 0.903333 0.150000 0.066667 0.110000
3 0.693333 0.452500 0.020000 0.060000
1 0.926667 0.646250 0.083333 0.097500
1 0.841667 0.517500 0.093333 0.105000
0 0.472500 0.168750 0.061667 0.127500
3 0.783333 0.292500 0.120000 0.140000
2 0.475000 0.098750 0.083333 0.127500
3 0.715833 0.376250 0.055000 0.152500
0 0.572500 0.072500 0.058333 0.090000
0 0.247500 0.436250 0.038333 0.067500
1 0.172500 0.418750 0.108333 0.167500
2 0.225833 0.595000 0.061667 0.080000
0 0.341667 0.793750 0.140000 0.212500
2 0.599167 0.078750 0.068333 0.112500
1 0.526667 0.271250 0.050000 0.132500
2 0.123333 0.722500 0.063333 0.085000
0 0.672500 0.476250 0.031667 0.052500
2 0.160833 0.671250 0.148333 0.162500
1 0.925000 0.190000 0.060000 0.075000
2 0.035000 0.277500 0.070000 0.145000
0 0.541667 0.322500 0.063333 0.095000
0 0.062500 0.123750 0.098333 0.147500
0 0.455833 0.858750 0.098333 0.137500
3 0.119167 0.135000 0.038333 0.090000
2 0.435833 0.735000 0.151667 0.195000
0 0.107500 0.597500 0.161667 0.225000
0 0.269167 0.557500 0.061667 0.105000
2 0.864167 0.317500 0.055000 0.085000
2 0.356667 0.793750 0.093333 0.202500
