3 0.164167 0.770000 0.041667 0.125000
3 0.149167 0.335000 0.101667 0.125000
3 0.543333 0.542500 0.026667 0.020000
2 0.606667 0.178750 0.143333 0.177500
2 0.816667 0.601250 0.123333 0.137500
2 0.710000 0.597500 0.113333 0.175000
0 0.326667 0.452500 0.140000 0.200000
0 0.413333 0.173750 0.153333 0.227500
1 0.685000 0.822500 0.083333 0.145000
0 0.745000 0.197500 0.106667 0.170000
1 0.892500 0.358750 0.048333 0.042500
1 0.378333 0.666250 0.106667 0.127500
2 0.363333 0.963750 0.003333 0.067500
1 0.654167 0.177500 0.158333 0.190000
2 0.923333 0.182500 0.100000 0.140000
3 0.417500 0.442500 0.055000 0.110000
0 0.103333 0.221250 0.133333 0.242500
3 0.790833 0.553750 0.025000 0.042500
0 0.418333 0.737500 0.080000 0.115000
0 0.233333 0.758750 0.113333 0.167500
0 0.106667 0.225000 0.036667 0.055000
0 0.088333 0.667500 0.123333 0.185000
0 0.783333 0.762500 0.090000 0.175000
2 0.890000 0.775000 0.036667 0.035000
0 0.364167 0.233750 0.121667 0.172500
1 0.055000 0.727500 0.090000 0.160000
