0 0.945000 0.440000 0.106667 0.165000
3 0.948333 0.697500 0.026667 0.090000
2 0.463333 0.537500 0.090000 0.190000
3 0.752500 0.211250 0.051667 0.132500
1 0.125833 0.470000 0.108333 0.150000
2 0.267500 0.441250 0.151667 0.182500
1 0.692500 0.415000 0.088333 0.120000
2 0.932500 0.158750 0.058333 0.072500
2 0.264167 0.623750 0.038333 0.117500
0 0.661667 0.531250 0.233333 0.322500
3 0.650000 0.370000 0.043333 0.040000
2 0.877500 0.438750 0.075000 0.217500
3 0.450000 0.471250 0.023333 0.052500
3 0.132500 0.291250 0.061667 0.137500
2 0.045000 0.358750 0.056667 0.077500
1 0.185833 0.323750 0.045000 0.092500
3 0.880000 0.191250 0.200000 0.232500
1 0.254167 0.125000 0.025000 0.045000
2 0.885000 0.613750 0.170000 0.187500
1 0.564167 0.556250 0.111667 0.162500
3 0.155833 0.668750 0.101667 0.122500
2 0.368333 0.565000 0.033333 0.040000
1 0.600000 0.455000 0.120000 0.115000
3 0.453333 0.502500 0.020000 0.060000
2 0.430833 0.213750 0.048333 0.067500
1 0.695833 0.600000 0.145000 0.170000
3 0.918333 0.655000 0.090000 0.110000
2 0.382500 0.637500 0.068333 0.105000
2 0.967500 0.672500 0.038333 0.065000
1 0.540000 0.731250 0.053333 0.107500
0 0.140000 0.197500 0.110000 0.190000
1 0.503333 0.901250 0.063333 0.062500
1 0.880833 0.230000 0.088333 0.130000
1 0.070833 0.048750 0.078333 0.092500
0 0.690000 0.088750 0.063333 0.102500
3 0.520000 0.786250 0.040000 0.047500
2 0.326667 0.502500 0.030000 0.040000
2 0.739167 0.205000 0.075000 0.060000
2 0.384167 0.127500 0.115000 0.230000
3 0.921667 0.653750 0.063333 0.052500
2 0.685000 0.186250 0.116667 0.212500
2 0.303333 0.765000 0.110000 0.255000
1 0.289167 0.736250 0.068333 0.087500
3 0.726667 0.155000 0.096667 0.200000
3 0.627500 0.625000 0.081667 0.180000
0 0.848333 0.512500 0.136667 0.185000
3 0.746667 0.825000 0.030000 0.040000
1 0.134167 0.331250 0.085000 0.142500
1 0.610833 0.312500 0.031667 0.060000
2 0.878333 0.405000 0.080000 0.230000
