3 0.335000 0.788750 0.103333 0.122500
3 0.147500 0.857500 0.088333 0.075000
3 0.304167 0.798750 0.065000 0.047500
1 0.296667 0.695000 0.090000 0.085000
2 0.898333 0.537500 0.036667 0.060000
1 0.953333 0.836250 0.053333 0.087500
2 0.257500 0.062500 0.105000 0.100000
3 0.671667 0.810000 0.106667 0.125000
3 0.335833 0.306250 0.098333 0.227500
3 0.835000 0.812500 0.116667 0.105000
2 0.665000 0.647500 0.056667 0.060000
0 0.221667 0.592500 0.180000 0.270000
1 0.187500 0.593750 0.091667 0.137500
2 0.395000 0.458750 0.140000 0.157500
1 0.368333 0.445000 0.140000 0.190000
2 0.899167 0.290000 0.108333 0.125000
1 0.602500 0.583750 0.055000 0.057500
3 0.818333 0.656250 0.033333 0.097500
1 0.215833 0.725000 0.135000 0.150000
0 0.821667 0.251250 0.133333 0.207500
2 0.525000 0.411250 0.086667 0.137500
0 0.776667 0.301250 0.120000 0.162500
1 0.283333 0.233750 0.080000 0.172500
1 0.746667 0.567500 0.063333 0.105000
1 0.078333 0.388750 0.083333 0.107500
2 0.199167 0.590000 0.071667 0.060000
1 0.880833 0.427500 0.045000 0.050000
2 0.097500 0.488750 0.061667 0.097500
