1 0.710833 0.766250 0.048333 0.067500
1 0.361667 0.386250 0.090000 0.187500
3 0.150000 0.711250 0.143333 0.187500
1 0.370833 0.410000 0.031667 0.040000
2 0.657500 0.785000 0.098333 0.055000
2 0.244167 0.126250 0.061667 0.147500
2 0.360000 0.391250 0.063333 0.087500
3 0.753333 0.568750 0.036667 0.027500
2 0.151667 0.898750 0.063333 0.077500
2 0.190000 0.041250 0.030000 0.042500
1 0.780000 0.553750 0.023333 0.047500
1 0.774167 0.250000 0.048333 0.065000
2 0.605833 0.678750 0.048333 0.052500
0 0.690000 0.390000 0.163333 0.255000
2 0.836667 0.226250 0.113333 0.162500
2 0.615000 0.246250 0.020000 0.077500
0 0.095833 0.475000 0.101667 0.145000
1 0.679167 0.156250 0.111667 0.127500
