1 0.732500 0.538750 0.115000 0.197500
1 0.503333 0.387500 0.066667 0.140000
0 0.195000 0.616250 0.090000 0.192500
0 0.418333 0.703750 0.163333 0.212500
1 0.040833 0.237500 0.045000 0.070000
1 0.863333 0.177500 0.063333 0.125000
2 0.529167 0.847500 0.135000 0.180000
3 0.945000 0.662500 0.030000 0.060000
0 0.202500 0.303750 0.135000 0.202500
1 0.878333 0.548750 0.066667 0.107500
3 0.329167 0.281250 0.041667 0.027500
1 0.094167 0.616250 0.058333 0.072500
2 0.571667 0.390000 0.130000 0.160000
0 0.145833 0.841250 0.098333 0.147500
0 0.340833 0.731250 0.175000 0.262500
2 0.760000 0.112500 0.030000 0.105000
2 0.342500 0.528750 0.015000 0.057500
1 0.339167 0.682500 0.041667 0.105000
0 0.889167 0.288750 0.125000 0.167500
3 0.514167 0.167500 0.055000 0.125000
1 0.335833 0.117500 0.105000 0.170000
1 0.937500 0.156250 0.051667 0.057500
3 0.810000 0.128750 0.056667 0.132500
3 0.145000 0.090000 0.086667 0.135000
2 0.706667 0.818750 0.090000 0.177500
2 0.796667 0.215000 0.120000 0.165000
1 0.218333 0.713750 0.116667 0.177500
1 0.792500 0.161250 0.041667 0.052500
0 0.578333 0.763750 0.133333 0.202500
3 0.138333 0.725000 0.043333 0.030000
2 0.110000 0.136250 0.133333 0.207500
3 0.080000 0.540000 0.130000 0.130000
0 0.415833 0.815000 0.108333 0.190000
3 0.807500 0.432500 0.088333 0.205000
1 0.396667 0.496250 0.056667 0.102500
0 0.201667 0.638750 0.066667 0.097500
3 0.380833 0.678750 0.035000 0.052500
0 0.079167 0.438750 0.051667 0.082500
2 0.223333 0.551250 0.133333 0.127500
1 0.540000 0.127500 0.023333 0.055000
0 0.260000 0.640000 0.173333 0.255000
1 0.749167 0.865000 0.045000 0.090000
2 0.413333 0.396250 0.110000 0.147500
