1 0.046667 0.475000 0.050000 0.095000
0 0.294167 0.666250 0.045000 0.072500
3 0.630833 0.177500 0.031667 0.070000
0 0.668333 0.810000 0.130000 0.190000
1 0.165833 0.638750 0.071667 0.117500
1 0.050000 0.627500 0.093333 0.105000
3 0.502500 0.257500 0.121667 0.140000
1 0.445833 0.722500 0.058333 0.060000
1 0.643333 0.392500 0.066667 0.115000
0 0.334167 0.177500 0.158333 0.230000
2 0.842500 0.725000 0.098333 0.135000
2 0.715833 0.090000 0.085000 0.105000
1 0.549167 0.727500 0.041667 0.065000
0 0.078333 0.336250 0.153333 0.237500
1 0.782500 0.243750 0.068333 0.127500
