0 0.250833 0.381250 0.181667 0.272500
3 0.259167 0.166250 0.051667 0.072500
3 0.229167 0.640000 0.098333 0.085000
3 0.441667 0.575000 0.113333 0.135000
0 0.827500 0.356250 0.165000 0.217500
1 0.200000 0.176250 0.110000 0.092500
3 0.451667 0.123750 0.103333 0.147500
0 0.473333 0.446250 0.053333 0.092500
3 0.222500 0.127500 0.075000 0.060000
3 0.790833 0.841250 0.035000 0.042500
3 0.250833 0.620000 0.035000 0.075000
3 0.400000 0.760000 0.040000 0.080000
2 0.611667 0.573750 0.036667 0.052500
2 0.190000 0.646250 0.066667 0.097500
1 0.550000 0.570000 0.060000 0.110000
3 0.275000 0.856250 0.056667 0.122500
3 0.250833 0.625000 0.031667 0.090000
2 0.413333 0.313750 0.066667 0.097500
2 0.067500 0.727500 0.111667 0.225000
2 0.384167 0.081250 0.035000 0.057500
2 0.202500 0.077500 0.071667 0.110000
3 0.783333 0.263750 0.026667 0.032500
3 0.510000 0.337500 0.123333 0.140000
1 0.323333 0.413750 0.086667 0.247500
