3 0.776667 0.143750 0.033333 0.047500
2 0.811667 0.915000 0.056667 0.075000
0 0.444167 0.825000 0.128333 0.165000
2 0.742500 0.237500 0.141667 0.205000
1 0.447500 0.312500 0.061667 0.125000
1 0.527500 0.357500 0.118333 0.175000
0 0.530833 0.896250 0.108333 0.172500
1 0.081667 0.896250 0.036667 0.092500
3 0.798333 0.132500 0.070000 0.190000
2 0.505833 0.700000 0.071667 0.110000
2 0.487500 0.322500 0.051667 0.040000
2 0.715000 0.233750 0.063333 0.117500
1 0.446667 0.145000 0.060000 0.100000
0 0.425000 0.643750 0.043333 0.067500
0 0.170000 0.192500 0.106667 0.125000
2 0.927500 0.558750 0.105000 0.107500
2 0.384167 0.393750 0.075000 0.107500
0 0.495833 0.211250 0.081667 0.117500
1 0.557500 0.735000 0.048333 0.065000
0 0.085000 0.182500 0.160000 0.215000
3 0.562500 0.336250 0.098333 0.077500
3 0.081667 0.361250 0.103333 0.122500
1 0.134167 0.666250 0.058333 0.082500
3 0.187500 0.118750 0.101667 0.077500
1 0.806667 0.192500 0.046667 0.040000
2 0.157500 0.580000 0.151667 0.245000
3 0.715833 0.741250 0.028333 0.037500
1 0.820833 0.611250 0.051667 0.107500
1 0.423333 0.777500 0.043333 0.080000
2 0.226667 0.470000 0.100000 0.200000
2 0.250833 0.192500 0.125000 0.200000
0 0.233333 0.510000 0.110000 0.230000
2 0.929167 0.596250 0.078333 0.057500
1 0.735833 0.815000 0.088333 0.105000
0 0.835833 0.911250 0.058333 0.097500
3 0.039167 0.811250 0.045000 0.072500
3 0.202500 0.242500 0.035000 0.025000
2 0.519167 0.697500 0.088333 0.205000
2 0.647500 0.056250 0.048333 0.032500
0 0.595000 0.372500 0.063333 0.085000
2 0.690833 0.423750 0.085000 0.087500
3 0.189167 0.220000 0.231667 0.270000
2 0.592500 0.251250 0.095000 0.127500
1 0.908333 0.930000 0.033333 0.040000
0 0.632500 0.145000 0.088333 0.140000
2 0.851667 0.673750 0.066667 0.107500
3 0.199167 0.905000 0.035000 0.080000
