3 0.304167 0.540000 0.051667 0.120000
1 0.566667 0.562500 0.080000 0.120000
1 0.351667 0.236250 0.093333 0.142500
1 0.678333 0.776250 0.036667 0.052500
0 0.174167 0.186250 0.128333 0.167500
3 0.086667 0.118750 0.043333 0.072500
2 0.402500 0.500000 0.115000 0.120000
2 0.341667 0.385000 0.090000 0.195000
2 0.250000 0.697500 0.140000 0.130000
0 0.658333 0.615000 0.070000 0.105000
3 0.135000 0.271250 0.216667 0.182500
2 0.060000 0.658750 0.050000 0.057500
3 0.040000 0.388750 0.036667 0.057500
3 0.602500 0.285000 0.095000 0.095000
1 0.534167 0.262500 0.118333 0.160000
1 0.780833 0.783750 0.045000 0.097500
1 0.710000 0.217500 0.110000 0.135000
3 0.640000 0.768750 0.086667 0.117500
