2 0.204167 0.358750 0.095000 0.252500
0 0.145000 0.771250 0.070000 0.082500
0 0.341667 0.786250 0.026667 0.057500
0 0.696667 0.318750 0.056667 0.067500
1 0.311667 0.450000 0.126667 0.185000
1 0.147500 0.412500 0.115000 0.150000
0 0.866667 0.230000 0.086667 0.125000
3 0.669167 0.677500 0.111667 0.145000
2 0.731667 0.605000 0.090000 0.110000
0 0.817500 0.451250 0.041667 0.067500
3 0.395000 0.380000 0.033333 0.095000
0 0.825833 0.361250 0.118333 0.182500
1 0.821667 0.896250 0.050000 0.057500
2 0.415000 0.840000 0.073333 0.075000
