1 0.235833 0.108750 0.055000 0.097500
2 0.434167 0.856250 0.131667 0.217500
2 0.817500 0.813750 0.121667 0.247500
2 0.645833 0.541250 0.125000 0.177500
2 0.155000 0.711250 0.070000 0.042500
0 0.535833 0.101250 0.058333 0.097500
0 0.862500 0.598750 0.135000 0.167500
1 0.864167 0.496250 0.101667 0.152500
3 0.550000 0.268750 0.070000 0.072500
1 0.737500 0.635000 0.055000 0.120000
3 0.689167 0.275000 0.085000 0.080000
0 0.176667 0.272500 0.043333 0.070000
0 0.342500 0.251250 0.078333 0.142500
1 0.186667 0.798750 0.070000 0.122500
2 0.279167 0.693750 0.091667 0.187500
0 0.483333 0.462500 0.093333 0.150000
2 0.660000 0.457500 0.030000 0.050000
