1 0.495833 0.891250 0.045000 0.052500
3 0.805000 0.801250 0.116667 0.122500
0 0.202500 0.807500 0.115000 0.125000
2 0.645000 0.480000 0.106667 0.130000
2 0.371667 0.643750 0.080000 0.122500
1 0.717500 0.667500 0.091667 0.130000
2 0.192500 0.305000 0.101667 0.170000
2 0.855833 0.838750 0.075000 0.167500
1 0.537500 0.518750 0.048333 0.117500
0 0.652500 0.501250 0.178333 0.217500
0 0.215833 0.571250 0.125000 0.207500
2 0.235833 0.298750 0.135000 0.177500
0 0.912500 0.760000 0.038333 0.060000
2 0.917500 0.791250 0.071667 0.057500
2 0.785833 0.885000 0.061667 0.070000
2 0.270833 0.090000 0.161667 0.150000
2 0.155000 0.277500 0.030000 0.070000
2 0.298333 0.821250 0.086667 0.172500
3 0.614167 0.087500 0.071667 0.080000
1 0.860000 0.833750 0.046667 0.052500
1 0.865833 0.807500 0.085000 0.175000
3 0.300833 0.107500 0.055000 0.120000
3 0.248333 0.206250 0.053333 0.052500
0 0.512500 0.166250 0.108333 0.127500
3 0.860833 0.375000 0.071667 0.125000
2 0.870000 0.675000 0.100000 0.215000
2 0.822500 0.898750 0.045000 0.122500
1 0.192500 0.608750 0.095000 0.112500
0 0.112500 0.327500 0.085000 0.130000
0 0.893333 0.716250 0.143333 0.217500
3 0.835833 0.705000 0.058333 0.045000
3 0.061667 0.642500 0.070000 0.045000
1 0.758333 0.096250 0.036667 0.097500
0 0.627500 0.472500 0.138333 0.250000
1 0.620833 0.365000 0.051667 0.100000
2 0.440833 0.106250 0.125000 0.187500
0 0.760000 0.555000 0.103333 0.155000
3 0.165833 0.870000 0.058333 0.150000
1 0.535000 0.846250 0.056667 0.082500
2 0.335000 0.362500 0.123333 0.185000
2 0.100833 0.808750 0.065000 0.082500
1 0.495000 0.476250 0.103333 0.177500
2 0.544167 0.473750 0.131667 0.202500
3 0.172500 0.780000 0.068333 0.130000
2 0.940000 0.862500 0.066667 0.080000
1 0.405833 0.667500 0.041667 0.055000
3 0.530000 0.546250 0.056667 0.067500
