1 0.310000 0.303750 0.093333 0.117500
1 0.421667 0.147500 0.200000 0.210000
3 0.050833 0.023750 0.038333 0.027500
0 0.549167 0.290000 0.081667 0.140000
3 0.769167 0.307500 0.068333 0.135000
0 0.250833 0.737500 0.045000 0.050000
3 0.366667 0.566250 0.156667 0.157500
1 0.581667 0.583750 0.130000 0.212500
2 0.074167 0.060000 0.095000 0.090000
2 0.805833 0.755000 0.091667 0.160000
3 0.070000 0.705000 0.020000 0.050000
1 0.221667 0.528750 0.076667 0.127500
0 0.255833 0.305000 0.155000 0.210000
3 0.468333 0.151250 0.083333 0.152500
2 0.453333 0.842500 0.030000 0.065000
0 0.597500 0.616250 0.095000 0.142500
1 0.780833 0.807500 0.085000 0.100000
0 0.741667 0.643750 0.086667 0.122500
3 0.535000 0.348750 0.056667 0.057500
3 0.551667 0.683750 0.036667 0.087500
2 0.496667 0.265000 0.130000 0.170000
2 0.615000 0.760000 0.136667 0.205000
3 0.311667 0.777500 0.070000 0.120000
1 0.553333 0.380000 0.090000 0.080000
1 0.450000 0.300000 0.033333 0.045000
