0 0.829167 0.833750 0.115000 0.187500
0 0.461667 0.580000 0.133333 0.200000
3 0.943333 0.521250 0.043333 0.087500
3 0.329167 0.236250 0.191667 0.252500
3 0.844167 0.668750 0.035000 0.042500
3 0.195833 0.131250 0.098333 0.112500
1 0.219167 0.606250 0.108333 0.107500
2 0.747500 0.500000 0.058333 0.095000
2 0.700000 0.376250 0.086667 0.102500
3 0.681667 0.456250 0.070000 0.092500
3 0.501667 0.297500 0.080000 0.150000
0 0.471667 0.262500 0.150000 0.225000
1 0.371667 0.271250 0.106667 0.122500
1 0.734167 0.171250 0.061667 0.107500
0 0.386667 0.327500 0.093333 0.170000
0 0.904167 0.738750 0.078333 0.117500
0 0.957500 0.050000 0.068333 0.090000
0 0.385000 0.872500 0.073333 0.120000
3 0.480000 0.288750 0.086667 0.177500
1 0.420000 0.191250 0.120000 0.142500
0 0.653333 0.730000 0.110000 0.170000
1 0.913333 0.685000 0.066667 0.070000
1 0.086667 0.585000 0.116667 0.180000
1 0.077500 0.576250 0.051667 0.097500
3 0.287500 0.728750 0.075000 0.117500
1 0.735000 0.795000 0.073333 0.075000
