0 0.409167 0.538750 0.168333 0.252500
1 0.059167 0.232500 0.045000 0.085000
2 0.220000 0.276250 0.070000 0.097500
3 0.674167 0.801250 0.088333 0.077500
0 0.354167 0.652500 0.048333 0.075000
0 0.836667 0.256250 0.096667 0.122500
2 0.819167 0.240000 0.071667 0.095000
0 0.275000 0.650000 0.033333 0.055000
3 0.130833 0.236250 0.131667 0.132500
3 0.328333 0.413750 0.043333 0.042500
1 0.205000 0.468750 0.056667 0.102500
3 0.936667 0.526250 0.043333 0.067500
3 0.864167 0.678750 0.045000 0.157500
2 0.716667 0.408750 0.163333 0.157500
0 0.595833 0.377500 0.065000 0.105000
3 0.305000 0.252500 0.090000 0.095000
3 0.870833 0.755000 0.048333 0.070000
1 0.132500 0.401250 0.141667 0.177500
0 0.841667 0.803750 0.083333 0.142500
0 0.731667 0.813750 0.096667 0.152500
0 0.655000 0.517500 0.096667 0.145000
2 0.696667 0.247500 0.096667 0.205000
2 0.296667 0.343750 0.053333 0.057500
