3 0.420833 0.823750 0.041667 0.032500
3 0.142500 0.421250 0.055000 0.057500
2 0.850833 0.452500 0.111667 0.225000
2 0.776667 0.838750 0.100000 0.217500
0 0.096667 0.378750 0.046667 0.077500
1 0.459167 0.696250 0.121667 0.162500
1 0.860833 0.167500 0.151667 0.200000
1 0.769167 0.081250 0.055000 0.067500
3 0.234167 0.511250 0.085000 0.117500
0 0.337500 0.325000 0.108333 0.170000
2 0.451667 0.446250 0.136667 0.137500
3 0.320833 0.728750 0.048333 0.057500
1 0.185000 0.492500 0.113333 0.125000
2 0.064167 0.638750 0.065000 0.127500
1 0.537500 0.153750 0.111667 0.117500
0 0.854167 0.178750 0.061667 0.112500
2 0.679167 0.552500 0.041667 0.130000
3 0.475000 0.071250 0.066667 0.062500
3 0.537500 0.642500 0.071667 0.145000
2 0.303333 0.256250 0.120000 0.172500
3 0.140833 0.257500 0.181667 0.270000
