0 0.773333 0.581250 0.226667 0.307500
1 0.173333 0.361250 0.133333 0.217500
2 0.550000 0.553750 0.113333 0.142500
3 0.292500 0.355000 0.101667 0.125000
3 0.901667 0.151250 0.086667 0.152500
0 0.165000 0.608750 0.116667 0.172500
1 0.698333 0.581250 0.133333 0.222500
2 0.915833 0.636250 0.028333 0.132500
1 0.194167 0.806250 0.111667 0.122500
2 0.870000 0.876250 0.026667 0.047500
2 0.755833 0.550000 0.088333 0.065000
2 0.041667 0.931250 0.020000 0.052500
3 0.734167 0.447500 0.065000 0.065000
1 0.726667 0.151250 0.126667 0.177500
2 0.446667 0.156250 0.030000 0.087500
2 0.384167 0.487500 0.058333 0.075000
3 0.072500 0.672500 0.071667 0.105000
3 0.095000 0.692500 0.020000 0.035000
0 0.328333 0.651250 0.126667 0.187500
