1 0.384167 0.093750 0.078333 0.172500
1 0.648333 0.276250 0.133333 0.147500
1 0.704167 0.157500 0.141667 0.200000
0 0.332500 0.443750 0.098333 0.152500
0 0.596667 0.867500 0.176667 0.240000
3 0.761667 0.443750 0.036667 0.027500
0 0.245833 0.201250 0.155000 0.222500
3 0.375833 0.527500 0.031667 0.105000
0 0.081667 0.307500 0.066667 0.145000
2 0.079167 0.461250 0.151667 0.172500
2 0.051667 0.460000 0.066667 0.235000
1 0.090000 0.460000 0.106667 0.120000
1 0.588333 0.622500 0.136667 0.140000
2 0.796667 0.106250 0.123333 0.177500
3 0.045000 0.306250 0.026667 0.062500
1 0.940833 0.687500 0.025000 0.045000
3 0.534167 0.083750 0.045000 0.122500
3 0.813333 0.366250 0.020000 0.052500
0 0.940833 0.298750 0.058333 0.087500
3 0.296667 0.286250 0.056667 0.052500
2 0.625833 0.260000 0.121667 0.175000
3 0.392500 0.196250 0.081667 0.072500
0 0.786667 0.381250 0.146667 0.257500
3 0.522500 0.180000 0.118333 0.165000
3 0.080833 0.180000 0.065000 0.040000
