2 0.868333 0.188750 0.050000 0.112500
0 0.444167 0.210000 0.161667 0.235000
1 0.314167 0.278750 0.058333 0.072500
1 0.166667 0.578750 0.053333 0.042500
2 0.131667 0.666250 0.053333 0.062500
2 0.922500 0.875000 0.105000 0.120000
0 0.539167 0.722500 0.098333 0.145000
3 0.620000 0.503750 0.120000 0.167500
3 0.415833 0.196250 0.041667 0.082500
0 0.070000 0.541250 0.046667 0.072500
1 0.563333 0.530000 0.116667 0.145000
1 0.810833 0.207500 0.038333 0.075000
1 0.335000 0.516250 0.110000 0.162500
2 0.065833 0.118750 0.071667 0.137500
1 0.428333 0.186250 0.096667 0.127500
1 0.096667 0.352500 0.083333 0.110000
1 0.581667 0.430000 0.110000 0.135000
2 0.502500 0.857500 0.138333 0.210000
1 0.701667 0.235000 0.146667 0.165000
0 0.670000 0.252500 0.033333 0.055000
1 0.067500 0.158750 0.038333 0.057500
1 0.542500 0.155000 0.048333 0.060000
3 0.381667 0.615000 0.056667 0.070000
1 0.375000 0.085000 0.080000 0.165000
0 0.501667 0.620000 0.100000 0.175000
2 0.486667 0.087500 0.083333 0.120000
2 0.867500 0.310000 0.055000 0.100000
2 0.915000 0.588750 0.100000 0.152500
1 0.092500 0.203750 0.095000 0.112500
3 0.244167 0.655000 0.041667 0.095000
1 0.065833 0.225000 0.071667 0.105000
2 0.385833 0.480000 0.051667 0.060000
3 0.391667 0.182500 0.040000 0.045000
2 0.766667 0.283750 0.103333 0.217500
1 0.588333 0.430000 0.086667 0.090000
1 0.839167 0.256250 0.065000 0.112500
2 0.559167 0.261250 0.088333 0.232500
3 0.827500 0.946250 0.021667 0.042500
2 0.376667 0.358750 0.030000 0.057500
3 0.347500 0.723750 0.031667 0.117500
0 0.197500 0.846250 0.095000 0.152500
2 0.933333 0.361250 0.023333 0.052500
2 0.775000 0.243750 0.173333 0.227500
2 0.901667 0.570000 0.043333 0.065000
3 0.185833 0.280000 0.038333 0.065000
0 0.509167 0.817500 0.158333 0.250000
1 0.286667 0.411250 0.100000 0.112500
3 0.578333 0.622500 0.040000 0.045000
0 0.280833 0.678750 0.138333 0.217500
3 0.698333 0.722500 0.120000 0.105000
