1 0.160833 0.217500 0.081667 0.120000
2 0.717500 0.397500 0.138333 0.130000
0 0.211667 0.277500 0.033333 0.050000
0 0.259167 0.855000 0.098333 0.145000
2 0.045833 0.668750 0.048333 0.072500
1 0.895833 0.083750 0.088333 0.142500
1 0.194167 0.056250 0.045000 0.042500
2 0.766667 0.722500 0.123333 0.185000
1 0.682500 0.128750 0.095000 0.137500
2 0.417500 0.080000 0.071667 0.135000
2 0.249167 0.760000 0.005000 0.215000
1 0.103333 0.713750 0.030000 0.067500
3 0.730000 0.523750 0.110000 0.107500
2 0.754167 0.351250 0.061667 0.082500
0 0.266667 0.718750 0.163333 0.247500
0 0.554167 0.791250 0.038333 0.047500
2 0.842500 0.283750 0.158333 0.212500
