1 0.816667 0.213750 0.036667 0.037500
1 0.471667 0.086250 0.103333 0.147500
1 0.553333 0.751250 0.063333 0.072500
0 0.393333 0.678750 0.126667 0.252500
1 0.711667 0.548750 0.143333 0.192500
1 0.459167 0.461250 0.078333 0.142500
0 0.555000 0.365000 0.033333 0.050000
0 0.487500 0.853750 0.101667 0.207500
3 0.329167 0.151250 0.031667 0.027500
0 0.930833 0.631250 0.085000 0.127500
1 0.768333 0.216250 0.100000 0.117500
2 0.657500 0.585000 0.055000 0.075000
2 0.091667 0.910000 0.073333 0.140000
3 0.690000 0.133750 0.023333 0.047500
