2 0.604167 0.592500 0.045000 0.045000
2 0.491667 0.531250 0.080000 0.102500
3 0.854167 0.360000 0.128333 0.105000
0 0.075000 0.750000 0.150000 0.230000
1 0.415833 0.657500 0.065000 0.115000
0 0.366667 0.522500 0.136667 0.160000
0 0.289167 0.568750 0.078333 0.102500
2 0.750000 0.212500 0.073333 0.100000
1 0.829167 0.041250 0.071667 0.082500
1 0.757500 0.290000 0.035000 0.050000
2 0.813333 0.513750 0.043333 0.082500
2 0.546667 0.720000 0.043333 0.065000
2 0.811667 0.336250 0.130000 0.207500
1 0.870833 0.745000 0.091667 0.130000
2 0.919167 0.348750 0.061667 0.092500
2 0.554167 0.656250 0.068333 0.137500
2 0.618333 0.473750 0.073333 0.132500
3 0.577500 0.257500 0.125000 0.125000
1 0.648333 0.231250 0.033333 0.047500
2 0.755833 0.680000 0.051667 0.140000
