3 0.342500 0.873750 0.061667 0.082500
0 0.325833 0.527500 0.131667 0.205000
0 0.715833 0.578750 0.118333 0.187500
1 0.226667 0.088750 0.123333 0.157500
2 0.660833 0.472500 0.095000 0.135000
0 0.432500 0.758750 0.058333 0.092500
2 0.609167 0.720000 0.151667 0.190000
1 0.323333 0.692500 0.090000 0.125000
1 0.284167 0.345000 0.145000 0.265000
1 0.698333 0.241250 0.086667 0.152500
1 0.619167 0.221250 0.098333 0.182500
2 0.467500 0.640000 0.035000 0.035000
1 0.452500 0.906250 0.071667 0.077500
2 0.292500 0.187500 0.115000 0.110000
0 0.521667 0.272500 0.123333 0.195000
1 0.329167 0.818750 0.095000 0.117500
