3 0.190000 0.410000 0.193333 0.195000
2 0.215833 0.520000 0.121667 0.190000
2 0.254167 0.602500 0.078333 0.075000
1 0.551667 0.068750 0.043333 0.067500
1 0.759167 0.488750 0.091667 0.117500
1 0.714167 0.361250 0.155000 0.177500
3 0.568333 0.907500 0.040000 0.105000
1 0.909167 0.821250 0.105000 0.157500
1 0.705833 0.186250 0.055000 0.107500
1 0.165833 0.692500 0.108333 0.140000
1 0.399167 0.117500 0.111667 0.225000
0 0.386667 0.396250 0.146667 0.192500
2 0.130833 0.317500 0.101667 0.075000
1 0.689167 0.091250 0.075000 0.112500
2 0.852500 0.411250 0.118333 0.197500
3 0.821667 0.861250 0.103333 0.117500
0 0.177500 0.461250 0.161667 0.247500
3 0.198333 0.181250 0.123333 0.112500
2 0.920833 0.827500 0.051667 0.080000
3 0.581667 0.193750 0.116667 0.072500
2 0.850000 0.240000 0.103333 0.155000
1 0.144167 0.130000 0.051667 0.105000
1 0.552500 0.800000 0.108333 0.155000
3 0.629167 0.588750 0.028333 0.027500
0 0.872500 0.327500 0.151667 0.225000
1 0.854167 0.853750 0.101667 0.117500
0 0.118333 0.686250 0.120000 0.177500
2 0.185000 0.346250 0.130000 0.187500
2 0.053333 0.883750 0.070000 0.147500
3 0.431667 0.187500 0.046667 0.080000
1 0.669167 0.056250 0.031667 0.052500
2 0.644167 0.622500 0.041667 0.065000
2 0.880833 0.627500 0.035000 0.085000
3 0.333333 0.275000 0.066667 0.170000
2 0.137500 0.636250 0.125000 0.187500
