2 0.890000 0.246250 0.053333 0.057500
0 0.668333 0.240000 0.143333 0.225000
1 0.837500 0.693750 0.058333 0.087500
0 0.750833 0.226250 0.048333 0.072500
0 0.671667 0.381250 0.160000 0.222500
1 0.285000 0.470000 0.113333 0.165000
3 0.236667 0.255000 0.120000 0.165000
2 0.570000 0.221250 0.036667 0.057500
0 0.350833 0.602500 0.078333 0.110000
2 0.749167 0.192500 0.061667 0.090000
2 0.198333 0.262500 0.090000 0.085000
2 0.600833 0.640000 0.111667 0.120000
2 0.515833 0.453750 0.118333 0.137500
1 0.909167 0.610000 0.031667 0.045000
3 0.335833 0.368750 0.031667 0.052500
1 0.104167 0.605000 0.065000 0.080000
0 0.680833 0.437500 0.068333 0.100000
1 0.598333 0.291250 0.106667 0.202500
0 0.723333 0.305000 0.116667 0.210000
0 0.279167 0.850000 0.161667 0.225000
3 0.896667 0.421250 0.140000 0.117500
3 0.415000 0.065000 0.083333 0.085000
1 0.185833 0.271250 0.075000 0.082500
3 0.585000 0.810000 0.023333 0.055000
2 0.198333 0.827500 0.043333 0.035000
2 0.342500 0.703750 0.035000 0.047500
0 0.881667 0.312500 0.120000 0.175000
0 0.441667 0.718750 0.133333 0.187500
1 0.438333 0.548750 0.123333 0.157500
3 0.515000 0.191250 0.036667 0.122500
2 0.484167 0.650000 0.041667 0.105000
1 0.790833 0.440000 0.038333 0.055000
0 0.341667 0.176250 0.140000 0.202500
