2 0.626667 0.107500 0.146667 0.150000
0 0.758333 0.331250 0.166667 0.197500
2 0.755000 0.806250 0.053333 0.077500
1 0.800833 0.676250 0.095000 0.107500
0 0.648333 0.266250 0.143333 0.187500
3 0.645833 0.157500 0.105000 0.095000
3 0.341667 0.758750 0.076667 0.127500
2 0.589167 0.456250 0.068333 0.157500
3 0.615000 0.330000 0.036667 0.070000
3 0.219167 0.416250 0.095000 0.092500
3 0.304167 0.692500 0.075000 0.065000
3 0.330833 0.131250 0.088333 0.102500
3 0.382500 0.668750 0.135000 0.142500
3 0.285833 0.140000 0.045000 0.050000
0 0.242500 0.491250 0.108333 0.127500
0 0.286667 0.293750 0.126667 0.227500
0 0.650833 0.826250 0.038333 0.072500
3 0.705833 0.727500 0.055000 0.125000
3 0.220000 0.361250 0.126667 0.092500
