3 0.549167 0.601250 0.071667 0.097500
0 0.729167 0.520000 0.061667 0.100000
3 0.570833 0.755000 0.035000 0.075000
1 0.335000 0.817500 0.023333 0.045000
3 0.078333 0.326250 0.083333 0.132500
3 0.261667 0.565000 0.123333 0.125000
3 0.092500 0.863750 0.085000 0.097500
2 0.160833 0.332500 0.138333 0.255000
0 0.812500 0.092500 0.035000 0.060000
3 0.169167 0.527500 0.055000 0.095000
0 0.027500 0.152500 0.038333 0.050000
3 0.420833 0.663750 0.058333 0.097500
2 0.655000 0.316250 0.080000 0.062500
0 0.877500 0.383750 0.111667 0.137500
2 0.649167 0.503750 0.008333 0.197500
0 0.736667 0.448750 0.166667 0.197500
2 0.909167 0.731250 0.108333 0.062500
1 0.525000 0.468750 0.113333 0.162500
2 0.805000 0.811250 0.076667 0.087500
