2 0.370833 0.190000 0.051667 0.055000
2 0.406667 0.236250 0.046667 0.087500
0 0.873333 0.443750 0.166667 0.207500
0 0.711667 0.827500 0.073333 0.120000
0 0.176667 0.342500 0.046667 0.080000
3 0.845833 0.030000 0.035000 0.050000
1 0.145000 0.701250 0.110000 0.157500
3 0.361667 0.628750 0.053333 0.167500
3 0.882500 0.430000 0.165000 0.125000
2 0.195000 0.455000 0.233333 0.250000
3 0.778333 0.232500 0.030000 0.105000
2 0.523333 0.098750 0.063333 0.107500
1 0.430833 0.810000 0.095000 0.125000
3 0.300000 0.697500 0.133333 0.100000
