2 0.922500 0.631250 0.081667 0.122500
1 0.560000 0.098750 0.100000 0.187500
1 0.265000 0.526250 0.036667 0.042500
0 0.417500 0.356250 0.081667 0.132500
2 0.342500 0.338750 0.148333 0.152500
2 0.469167 0.246250 0.061667 0.107500
3 0.756667 0.110000 0.073333 0.190000
2 0.901667 0.715000 0.033333 0.060000
2 0.738333 0.608750 0.140000 0.202500
2 0.301667 0.335000 0.170000 0.200000
0 0.848333 0.586250 0.126667 0.147500
2 0.537500 0.292500 0.045000 0.075000
3 0.780833 0.741250 0.101667 0.062500
0 0.096667 0.408750 0.073333 0.107500
2 0.763333 0.737500 0.083333 0.100000
3 0.331667 0.593750 0.070000 0.127500
3 0.532500 0.357500 0.045000 0.050000
