2 0.431667 0.733750 0.020000 0.047500
1 0.873333 0.402500 0.086667 0.170000
2 0.138333 0.656250 0.063333 0.162500
0 0.156667 0.592500 0.046667 0.070000
0 0.196667 0.390000 0.046667 0.070000
0 0.330833 0.428750 0.045000 0.067500
2 0.762500 0.680000 0.111667 0.095000
0 0.265833 0.105000 0.125000 0.175000
2 0.885000 0.400000 0.120000 0.140000
3 0.072500 0.465000 0.071667 0.140000
3 0.494167 0.086250 0.115000 0.122500
0 0.153333 0.898750 0.103333 0.187500
0 0.131667 0.865000 0.050000 0.075000
2 0.911667 0.778750 0.096667 0.162500
3 0.370833 0.090000 0.041667 0.035000
2 0.495833 0.605000 0.108333 0.145000
0 0.551667 0.427500 0.156667 0.235000
2 0.811667 0.565000 0.143333 0.240000
0 0.210833 0.670000 0.125000 0.195000
3 0.728333 0.876250 0.043333 0.042500
2 0.070833 0.710000 0.051667 0.080000
1 0.680833 0.293750 0.125000 0.157500
0 0.698333 0.762500 0.136667 0.205000
2 0.355833 0.113750 0.095000 0.177500
1 0.876667 0.136250 0.033333 0.042500
2 0.641667 0.537500 0.040000 0.030000
2 0.166667 0.195000 0.163333 0.275000
