3 0.649167 0.502500 0.055000 0.095000
1 0.420000 0.080000 0.050000 0.065000
2 0.417500 0.680000 0.125000 0.255000
2 0.773333 0.520000 0.030000 0.035000
1 0.375000 0.768750 0.103333 0.142500
3 0.730000 0.143750 0.106667 0.162500
1 0.670833 0.703750 0.055000 0.062500
1 0.673333 0.181250 0.096667 0.167500
1 0.465000 0.781250 0.070000 0.107500
2 0.615833 0.146250 0.148333 0.157500
3 0.140000 0.685000 0.173333 0.195000
0 0.390000 0.423750 0.183333 0.292500
2 0.348333 0.510000 0.100000 0.060000
3 0.585833 0.542500 0.121667 0.150000
3 0.533333 0.818750 0.116667 0.102500
3 0.682500 0.142500 0.028333 0.070000
1 0.540833 0.126250 0.071667 0.162500
2 0.904167 0.741250 0.041667 0.032500
2 0.380833 0.530000 0.068333 0.075000
3 0.381667 0.592500 0.043333 0.040000
3 0.083333 0.765000 0.046667 0.060000
