3 0.371667 0.205000 0.090000 0.185000
3 0.238333 0.717500 0.036667 0.025000
1 0.575000 0.168750 0.083333 0.087500
0 0.108333 0.693750 0.113333 0.152500
3 0.197500 0.487500 0.055000 0.175000
2 0.624167 0.867500 0.078333 0.135000
2 0.816667 0.310000 0.096667 0.150000
2 0.892500 0.167500 0.125000 0.155000
3 0.835833 0.167500 0.091667 0.150000
3 0.630833 0.190000 0.071667 0.090000
1 0.234167 0.263750 0.128333 0.157500
2 0.275000 0.815000 0.123333 0.250000
0 0.776667 0.237500 0.073333 0.135000
1 0.925833 0.298750 0.075000 0.092500
2 0.898333 0.277500 0.156667 0.225000
2 0.815833 0.795000 0.098333 0.170000
2 0.722500 0.481250 0.095000 0.102500
2 0.510000 0.600000 0.136667 0.195000
0 0.681667 0.262500 0.040000 0.065000
1 0.624167 0.422500 0.125000 0.205000
1 0.493333 0.743750 0.076667 0.172500
1 0.353333 0.737500 0.060000 0.070000
1 0.109167 0.861250 0.075000 0.167500
3 0.118333 0.125000 0.116667 0.105000
3 0.615000 0.233750 0.046667 0.037500
3 0.272500 0.761250 0.208333 0.207500
3 0.311667 0.925000 0.046667 0.075000
3 0.315000 0.076250 0.126667 0.127500
3 0.512500 0.157500 0.071667 0.055000
3 0.500000 0.480000 0.056667 0.070000
0 0.205833 0.355000 0.048333 0.070000
3 0.890000 0.107500 0.066667 0.155000
0 0.350833 0.796250 0.128333 0.217500
1 0.643333 0.817500 0.140000 0.200000
