0 0.566667 0.788750 0.143333 0.232500
3 0.410000 0.177500 0.133333 0.100000
1 0.460833 0.617500 0.045000 0.075000
1 0.691667 0.850000 0.076667 0.150000
0 0.687500 0.137500 0.121667 0.185000
3 0.495833 0.081250 0.048333 0.047500
1 0.205833 0.928750 0.031667 0.052500
2 0.420833 0.366250 0.121667 0.202500
3 0.733333 0.266250 0.060000 0.077500
1 0.209167 0.746250 0.108333 0.147500
3 0.615833 0.231250 0.121667 0.147500
2 0.868333 0.898750 0.030000 0.102500
2 0.689167 0.335000 0.055000 0.165000
1 0.268333 0.192500 0.046667 0.040000
1 0.141667 0.540000 0.046667 0.055000
3 0.040000 0.107500 0.050000 0.160000
3 0.613333 0.751250 0.096667 0.097500
1 0.128333 0.620000 0.086667 0.125000
3 0.717500 0.393750 0.075000 0.177500
3 0.899167 0.611250 0.048333 0.057500
3 0.535833 0.836250 0.065000 0.132500
3 0.267500 0.867500 0.038333 0.055000
1 0.490833 0.661250 0.095000 0.167500
1 0.157500 0.617500 0.121667 0.170000
2 0.708333 0.611250 0.056667 0.122500
2 0.818333 0.686250 0.103333 0.122500
0 0.603333 0.808750 0.086667 0.132500
3 0.207500 0.073750 0.128333 0.147500
3 0.112500 0.522500 0.061667 0.055000
