0 0.538333 0.890000 0.036667 0.055000
3 0.655833 0.365000 0.065000 0.115000
3 0.590833 0.823750 0.048333 0.062500
0 0.594167 0.158750 0.168333 0.242500
2 0.468333 0.418750 0.103333 0.117500
0 0.203333 0.107500 0.153333 0.190000
2 0.348333 0.260000 0.046667 0.190000
3 0.654167 0.768750 0.078333 0.092500
0 0.164167 0.112500 0.171667 0.215000
1 0.347500 0.241250 0.128333 0.212500
3 0.796667 0.148750 0.090000 0.152500
3 0.139167 0.861250 0.055000 0.037500
0 0.509167 0.791250 0.048333 0.072500
0 0.749167 0.690000 0.065000 0.095000
3 0.298333 0.758750 0.100000 0.087500
2 0.715000 0.761250 0.153333 0.192500
0 0.198333 0.588750 0.090000 0.132500
3 0.478333 0.667500 0.063333 0.070000
2 0.379167 0.858750 0.045000 0.067500
2 0.332500 0.670000 0.065000 0.120000
1 0.834167 0.502500 0.075000 0.095000
2 0.028333 0.407500 0.050000 0.095000
3 0.322500 0.492500 0.121667 0.095000
2 0.564167 0.407500 0.038333 0.060000
0 0.966667 0.915000 0.033333 0.055000
1 0.527500 0.253750 0.041667 0.052500
3 0.369167 0.736250 0.125000 0.177500
0 0.058333 0.267500 0.080000 0.110000
1 0.057500 0.488750 0.078333 0.092500
3 0.434167 0.832500 0.108333 0.110000
1 0.128333 0.223750 0.063333 0.082500
0 0.683333 0.701250 0.066667 0.097500
0 0.897500 0.312500 0.048333 0.075000
