2 0.795833 0.493750 0.101667 0.162500
0 0.575833 0.918750 0.095000 0.152500
3 0.899167 0.626250 0.065000 0.157500
3 0.705000 0.222500 0.043333 0.035000
2 0.355000 0.253750 0.100000 0.262500
0 0.610833 0.150000 0.085000 0.125000
2 0.833333 0.248750 0.150000 0.152500
2 0.107500 0.738750 0.078333 0.107500
2 0.284167 0.428750 0.055000 0.087500
2 0.318333 0.541250 0.060000 0.082500
3 0.512500 0.573750 0.075000 0.147500
0 0.409167 0.233750 0.135000 0.182500
1 0.630000 0.636250 0.053333 0.072500
1 0.229167 0.566250 0.108333 0.137500
0 0.809167 0.370000 0.118333 0.150000
0 0.114167 0.397500 0.051667 0.080000
3 0.225000 0.330000 0.050000 0.075000
3 0.340833 0.203750 0.081667 0.067500
3 0.188333 0.361250 0.073333 0.107500
1 0.535000 0.207500 0.146667 0.210000
0 0.260000 0.812500 0.140000 0.285000
0 0.413333 0.242500 0.126667 0.195000
1 0.393333 0.227500 0.110000 0.115000
1 0.561667 0.557500 0.096667 0.100000
3 0.782500 0.790000 0.105000 0.140000
3 0.724167 0.387500 0.095000 0.140000
1 0.787500 0.601250 0.125000 0.132500
0 0.542500 0.296250 0.048333 0.082500
1 0.941667 0.145000 0.066667 0.065000
0 0.471667 0.231250 0.083333 0.092500
0 0.236667 0.166250 0.050000 0.087500
0 0.354167 0.396250 0.118333 0.182500
1 0.172500 0.466250 0.131667 0.212500
1 0.485833 0.543750 0.138333 0.197500
1 0.170833 0.217500 0.095000 0.175000
2 0.099167 0.792500 0.111667 0.225000
2 0.616667 0.686250 0.076667 0.102500
