1 0.587500 0.875000 0.151667 0.170000
3 0.085000 0.448750 0.030000 0.067500
3 0.300833 0.631250 0.201667 0.327500
1 0.101667 0.083750 0.096667 0.132500
3 0.480833 0.448750 0.071667 0.197500
2 0.061667 0.222500 0.120000 0.175000
2 0.068333 0.875000 0.070000 0.105000
1 0.831667 0.150000 0.080000 0.140000
0 0.406667 0.133750 0.126667 0.182500
1 0.710833 0.275000 0.101667 0.115000
3 0.392500 0.823750 0.028333 0.062500
3 0.079167 0.348750 0.068333 0.157500
1 0.690833 0.785000 0.088333 0.145000
3 0.821667 0.523750 0.113333 0.132500
0 0.700833 0.473750 0.005000 0.242500
1 0.667500 0.322500 0.071667 0.150000
0 0.865833 0.051250 0.061667 0.102500
2 0.065000 0.138750 0.080000 0.137500
