1 0.302500 0.657500 0.051667 0.070000
1 0.790833 0.247500 0.065000 0.150000
2 0.379167 0.538750 0.085000 0.202500
1 0.609167 0.076250 0.035000 0.042500
1 0.517500 0.743750 0.135000 0.167500
1 0.738333 0.622500 0.053333 0.070000
2 0.590000 0.697500 0.123333 0.175000
3 0.564167 0.895000 0.038333 0.105000
3 0.142500 0.647500 0.108333 0.115000
1 0.115833 0.372500 0.031667 0.040000
3 0.260000 0.251250 0.060000 0.117500
0 0.154167 0.850000 0.168333 0.210000
0 0.147500 0.137500 0.141667 0.160000
0 0.390833 0.153750 0.138333 0.212500
0 0.580000 0.456250 0.050000 0.072500
2 0.260000 0.632500 0.123333 0.210000
0 0.576667 0.701250 0.110000 0.167500
3 0.175000 0.470000 0.070000 0.115000
2 0.707500 0.828750 0.118333 0.112500
3 0.690000 0.765000 0.093333 0.060000
0 0.935833 0.463750 0.098333 0.132500
3 0.936667 0.311250 0.040000 0.042500
2 0.367500 0.693750 0.031667 0.042500
3 0.476667 0.172500 0.116667 0.095000
1 0.067500 0.546250 0.048333 0.062500
2 0.065000 0.736250 0.076667 0.127500
0 0.733333 0.376250 0.093333 0.142500
2 0.406667 0.137500 0.150000 0.240000
1 0.412500 0.172500 0.115000 0.190000
1 0.125833 0.387500 0.098333 0.140000
1 0.522500 0.481250 0.098333 0.162500
2 0.473333 0.246250 0.136667 0.197500
0 0.398333 0.115000 0.030000 0.055000
3 0.234167 0.183750 0.115000 0.152500
0 0.276667 0.620000 0.160000 0.240000
3 0.495000 0.317500 0.050000 0.060000
2 0.478333 0.345000 0.133333 0.175000
