1 0.119167 0.502500 0.128333 0.195000
1 0.068333 0.386250 0.030000 0.052500
2 0.376667 0.757500 0.146667 0.220000
3 0.367500 0.521250 0.071667 0.117500
3 0.741667 0.621250 0.033333 0.032500
1 0.715833 0.337500 0.058333 0.065000
0 0.845833 0.841250 0.125000 0.197500
2 0.470833 0.548750 0.035000 0.077500
1 0.051667 0.447500 0.066667 0.085000
0 0.566667 0.108750 0.076667 0.122500
3 0.401667 0.863750 0.073333 0.087500
1 0.387500 0.582500 0.128333 0.200000
2 0.319167 0.103750 0.058333 0.117500
2 0.810000 0.473750 0.113333 0.197500
2 0.900833 0.461250 0.038333 0.032500
1 0.310000 0.088750 0.113333 0.157500
2 0.852500 0.827500 0.031667 0.050000
3 0.524167 0.546250 0.095000 0.082500
1 0.790833 0.707500 0.108333 0.140000
1 0.817500 0.123750 0.138333 0.217500
2 0.369167 0.376250 0.145000 0.177500
2 0.295000 0.560000 0.070000 0.125000
2 0.592500 0.323750 0.125000 0.222500
0 0.635000 0.342500 0.126667 0.205000
0 0.855833 0.553750 0.171667 0.252500
2 0.276667 0.671250 0.090000 0.132500
3 0.908333 0.458750 0.073333 0.052500
2 0.715833 0.762500 0.081667 0.060000
0 0.328333 0.093750 0.126667 0.172500
2 0.361667 0.150000 0.096667 0.120000
1 0.755000 0.221250 0.086667 0.177500
0 0.222500 0.821250 0.068333 0.102500
0 0.782500 0.163750 0.165000 0.252500
0 0.931667 0.817500 0.096667 0.115000
0 0.336667 0.541250 0.146667 0.222500
0 0.820000 0.558750 0.060000 0.092500
2 0.302500 0.572500 0.068333 0.065000
1 0.475000 0.215000 0.050000 0.095000
0 0.221667 0.436250 0.163333 0.182500
2 0.480000 0.526250 0.096667 0.112500
3 0.292500 0.710000 0.038333 0.065000
2 0.251667 0.315000 0.156667 0.205000
2 0.501667 0.141250 0.083333 0.132500
3 0.852500 0.083750 0.101667 0.097500
3 0.268333 0.387500 0.050000 0.055000
2 0.470000 0.875000 0.136667 0.160000
