3 0.735000 0.172500 0.160000 0.160000
2 0.937500 0.191250 0.035000 0.037500
0 0.398333 0.876250 0.063333 0.112500
2 0.533333 0.141250 0.046667 0.037500
1 0.235000 0.227500 0.060000 0.120000
3 0.872500 0.465000 0.098333 0.140000
2 0.720000 0.700000 0.056667 0.045000
1 0.589167 0.447500 0.075000 0.115000
1 0.630000 0.571250 0.060000 0.102500
3 0.340000 0.055000 0.060000 0.045000
2 0.490833 0.090000 0.091667 0.050000
0 0.164167 0.540000 0.085000 0.145000
1 0.939167 0.751250 0.041667 0.082500
2 0.205000 0.780000 0.203333 0.245000
2 0.870000 0.861250 0.066667 0.102500
0 0.340833 0.761250 0.105000 0.117500
3 0.867500 0.717500 0.125000 0.080000
1 0.663333 0.651250 0.133333 0.167500
2 0.190000 0.800000 0.090000 0.135000
1 0.292500 0.805000 0.105000 0.125000
1 0.130833 0.478750 0.035000 0.097500
1 0.654167 0.763750 0.088333 0.097500
1 0.210833 0.703750 0.051667 0.057500
0 0.445000 0.291250 0.060000 0.092500
0 0.459167 0.832500 0.115000 0.180000
3 0.577500 0.563750 0.051667 0.052500
1 0.389167 0.768750 0.101667 0.172500
3 0.125833 0.501250 0.091667 0.117500
1 0.885000 0.540000 0.120000 0.125000
2 0.533333 0.481250 0.070000 0.082500
3 0.935833 0.037500 0.025000 0.045000
0 0.785833 0.876250 0.108333 0.162500
3 0.832500 0.132500 0.071667 0.125000
3 0.145000 0.681250 0.020000 0.032500
2 0.645000 0.615000 0.073333 0.070000
1 0.715000 0.475000 0.033333 0.080000
1 0.563333 0.762500 0.116667 0.155000
3 0.918333 0.916250 0.033333 0.027500
1 0.061667 0.408750 0.096667 0.132500
3 0.135833 0.651250 0.091667 0.197500
0 0.828333 0.506250 0.166667 0.247500
3 0.308333 0.141250 0.036667 0.087500
0 0.076667 0.791250 0.083333 0.122500
3 0.630000 0.245000 0.126667 0.110000
