0 0.454167 0.543750 0.138333 0.192500
0 0.641667 0.352500 0.183333 0.255000
1 0.309167 0.613750 0.041667 0.072500
1 0.905000 0.213750 0.096667 0.122500
2 0.037500 0.511250 0.058333 0.222500
0 0.173333 0.137500 0.160000 0.225000
1 0.525833 0.627500 0.108333 0.225000
0 0.249167 0.293750 0.128333 0.217500
1 0.682500 0.601250 0.128333 0.147500
2 0.140833 0.225000 0.095000 0.120000
3 0.488333 0.146250 0.046667 0.047500
2 0.055000 0.615000 0.053333 0.080000
2 0.872500 0.372500 0.075000 0.090000
2 0.238333 0.865000 0.063333 0.085000
3 0.480833 0.156250 0.038333 0.062500
1 0.849167 0.773750 0.058333 0.072500
3 0.880000 0.741250 0.070000 0.177500
2 0.796667 0.148750 0.133333 0.227500
3 0.752500 0.201250 0.061667 0.132500
2 0.371667 0.245000 0.110000 0.065000
1 0.479167 0.566250 0.125000 0.167500
3 0.390833 0.650000 0.091667 0.110000
2 0.102500 0.705000 0.048333 0.045000
1 0.754167 0.212500 0.045000 0.100000
1 0.446667 0.510000 0.146667 0.195000
2 0.384167 0.100000 0.041667 0.195000
3 0.078333 0.525000 0.096667 0.105000
2 0.105833 0.901250 0.028333 0.097500
0 0.488333 0.681250 0.140000 0.182500
2 0.424167 0.340000 0.028333 0.020000
0 0.325833 0.703750 0.175000 0.252500
0 0.311667 0.353750 0.083333 0.132500
