1 0.362500 0.370000 0.075000 0.130000
2 0.695000 0.612500 0.073333 0.140000
1 0.078333 0.325000 0.116667 0.205000
1 0.432500 0.896250 0.058333 0.062500
1 0.550000 0.835000 0.106667 0.130000
3 0.845833 0.235000 0.038333 0.095000
2 0.688333 0.702500 0.053333 0.110000
1 0.655000 0.803750 0.036667 0.047500
2 0.820833 0.756250 0.111667 0.167500
2 0.570000 0.683750 0.096667 0.157500
1 0.892500 0.201250 0.055000 0.062500
1 0.283333 0.823750 0.060000 0.057500
1 0.424167 0.246250 0.071667 0.137500
3 0.780000 0.921250 0.020000 0.032500
2 0.519167 0.572500 0.078333 0.115000
