3 0.515833 0.173750 0.078333 0.162500
2 0.543333 0.176250 0.173333 0.232500
0 0.370833 0.680000 0.158333 0.240000
1 0.774167 0.252500 0.028333 0.060000
3 0.730833 0.441250 0.045000 0.102500
3 0.818333 0.466250 0.080000 0.107500
2 0.353333 0.775000 0.093333 0.195000
0 0.942500 0.798750 0.041667 0.077500
0 0.366667 0.451250 0.046667 0.092500
3 0.855833 0.516250 0.021667 0.042500
3 0.144167 0.508750 0.055000 0.077500
2 0.366667 0.085000 0.110000 0.170000
0 0.935833 0.315000 0.028333 0.045000
3 0.435833 0.621250 0.108333 0.157500
1 0.834167 0.305000 0.111667 0.220000
2 0.918333 0.100000 0.056667 0.120000
2 0.719167 0.248750 0.095000 0.137500
3 0.895000 0.126250 0.086667 0.082500
0 0.300000 0.386250 0.063333 0.102500
2 0.502500 0.281250 0.061667 0.062500
3 0.325000 0.453750 0.083333 0.107500
0 0.796667 0.307500 0.156667 0.225000
0 0.586667 0.257500 0.136667 0.195000
