2 0.723333 0.661250 0.116667 0.192500
2 0.151667 0.303750 0.046667 0.057500
2 0.742500 0.437500 0.108333 0.155000
1 0.546667 0.840000 0.120000 0.140000
2 0.577500 0.371250 0.055000 0.067500
0 0.325833 0.363750 0.091667 0.127500
0 0.403333 0.200000 0.170000 0.250000
1 0.687500 0.426250 0.085000 0.172500
3 0.066667 0.455000 0.056667 0.105000
2 0.810833 0.243750 0.081667 0.147500
0 0.777500 0.875000 0.071667 0.115000
2 0.649167 0.587500 0.078333 0.165000
3 0.495833 0.086250 0.081667 0.132500
1 0.058333 0.830000 0.063333 0.115000
2 0.216667 0.516250 0.036667 0.027500
1 0.224167 0.796250 0.125000 0.157500
2 0.719167 0.790000 0.078333 0.060000
0 0.334167 0.832500 0.075000 0.110000
0 0.709167 0.845000 0.071667 0.110000
2 0.261667 0.178750 0.093333 0.147500
2 0.285000 0.585000 0.073333 0.080000
2 0.727500 0.442500 0.075000 0.085000
