1 0.613333 0.671250 0.123333 0.217500
3 0.465833 0.305000 0.081667 0.135000
2 0.780833 0.607500 0.128333 0.120000
0 0.881667 0.923750 0.056667 0.082500
3 0.722500 0.110000 0.058333 0.165000
2 0.830833 0.221250 0.138333 0.177500
1 0.479167 0.592500 0.108333 0.145000
2 0.631667 0.842500 0.066667 0.250000
0 0.187500 0.736250 0.091667 0.157500
2 0.419167 0.371250 0.131667 0.252500
0 0.524167 0.136250 0.115000 0.172500
2 0.685833 0.671250 0.041667 0.062500
3 0.704167 0.531250 0.115000 0.127500
0 0.826667 0.762500 0.120000 0.190000
3 0.525833 0.157500 0.031667 0.030000
0 0.231667 0.297500 0.086667 0.150000
1 0.265833 0.682500 0.118333 0.160000
0 0.905000 0.390000 0.066667 0.100000
1 0.777500 0.585000 0.091667 0.110000
0 0.202500 0.890000 0.091667 0.115000
2 0.164167 0.463750 0.085000 0.192500
1 0.145833 0.745000 0.055000 0.085000
