2 0.390000 0.835000 0.130000 0.110000
0 0.083333 0.290000 0.123333 0.180000
0 0.465000 0.672500 0.146667 0.220000
2 0.659167 0.187500 0.038333 0.030000
0 0.806667 0.870000 0.130000 0.190000
1 0.263333 0.106250 0.133333 0.162500
2 0.315000 0.233750 0.036667 0.042500
2 0.800833 0.851250 0.108333 0.122500
3 0.756667 0.778750 0.113333 0.082500
3 0.933333 0.365000 0.070000 0.060000
3 0.345833 0.541250 0.105000 0.077500
1 0.460000 0.715000 0.120000 0.150000
1 0.435833 0.762500 0.085000 0.105000
2 0.484167 0.400000 0.105000 0.155000
3 0.201667 0.401250 0.030000 0.027500
1 0.782500 0.418750 0.128333 0.157500
1 0.719167 0.177500 0.065000 0.080000
3 0.347500 0.863750 0.045000 0.052500
3 0.125833 0.722500 0.021667 0.060000
3 0.425833 0.455000 0.085000 0.200000
3 0.849167 0.525000 0.038333 0.055000
1 0.447500 0.941250 0.038333 0.042500
