2 0.130833 0.831250 0.088333 0.122500
2 0.191667 0.435000 0.123333 0.160000
0 0.762500 0.817500 0.041667 0.060000
1 0.857500 0.685000 0.118333 0.140000
2 0.410000 0.588750 0.160000 0.192500
2 0.233333 0.840000 0.086667 0.125000
0 0.325000 0.212500 0.146667 0.225000
1 0.167500 0.123750 0.115000 0.177500
1 0.179167 0.360000 0.065000 0.125000
3 0.600000 0.558750 0.070000 0.102500
0 0.112500 0.856250 0.105000 0.137500
2 0.091667 0.031250 0.030000 0.052500
2 0.500000 0.345000 0.020000 0.055000
2 0.255000 0.645000 0.080000 0.135000
1 0.089167 0.391250 0.085000 0.127500
2 0.784167 0.870000 0.091667 0.150000
0 0.415833 0.643750 0.115000 0.142500
1 0.066667 0.337500 0.040000 0.065000
1 0.210833 0.077500 0.051667 0.050000
3 0.091667 0.661250 0.026667 0.047500
3 0.312500 0.810000 0.061667 0.165000
1 0.242500 0.586250 0.065000 0.082500
0 0.743333 0.346250 0.186667 0.277500
1 0.118333 0.561250 0.146667 0.162500
0 0.340833 0.583750 0.121667 0.152500
1 0.715833 0.823750 0.048333 0.087500
3 0.323333 0.647500 0.053333 0.180000
2 0.065000 0.810000 0.073333 0.170000
0 0.037500 0.141250 0.041667 0.057500
3 0.283333 0.706250 0.146667 0.212500
3 0.307500 0.408750 0.065000 0.057500
1 0.343333 0.122500 0.066667 0.145000
3 0.315000 0.307500 0.100000 0.100000
3 0.375000 0.485000 0.080000 0.120000
1 0.870833 0.340000 0.051667 0.095000
