0 0.842500 0.481250 0.095000 0.142500
2 0.597500 0.350000 0.078333 0.100000
3 0.825833 0.638750 0.085000 0.102500
3 0.673333 0.153750 0.066667 0.162500
3 0.120833 0.878750 0.095000 0.087500
2 0.825000 0.657500 0.160000 0.205000
1 0.765000 0.882500 0.090000 0.095000
2 0.550000 0.461250 0.070000 0.092500
3 0.720000 0.106250 0.150000 0.157500
0 0.725000 0.571250 0.216667 0.257500
2 0.168333 0.878750 0.103333 0.152500
2 0.345000 0.676250 0.170000 0.157500
3 0.551667 0.041250 0.063333 0.072500
2 0.916667 0.836250 0.060000 0.072500
0 0.431667 0.502500 0.133333 0.195000
1 0.910833 0.096250 0.105000 0.122500
1 0.489167 0.183750 0.131667 0.142500
2 0.856667 0.430000 0.136667 0.210000
1 0.203333 0.307500 0.080000 0.105000
2 0.884167 0.478750 0.121667 0.212500
2 0.304167 0.098750 0.055000 0.077500
3 0.895833 0.341250 0.041667 0.037500
1 0.697500 0.440000 0.115000 0.220000
1 0.488333 0.132500 0.023333 0.050000
1 0.804167 0.130000 0.108333 0.120000
0 0.756667 0.346250 0.103333 0.182500
3 0.623333 0.422500 0.070000 0.110000
3 0.192500 0.273750 0.091667 0.177500
0 0.679167 0.242500 0.111667 0.165000
2 0.674167 0.681250 0.111667 0.147500
1 0.445833 0.098750 0.068333 0.142500
0 0.831667 0.350000 0.140000 0.185000
2 0.517500 0.810000 0.151667 0.235000
2 0.579167 0.462500 0.085000 0.155000
2 0.745833 0.688750 0.071667 0.117500
3 0.085000 0.441250 0.063333 0.117500
2 0.199167 0.722500 0.078333 0.225000
2 0.259167 0.278750 0.085000 0.112500
