2 0.680000 0.107500 0.050000 0.035000
3 0.821667 0.171250 0.070000 0.087500
0 0.647500 0.566250 0.138333 0.187500
0 0.869167 0.700000 0.135000 0.215000
2 0.105833 0.805000 0.038333 0.050000
2 0.664167 0.798750 0.088333 0.122500
2 0.168333 0.683750 0.123333 0.177500
3 0.178333 0.436250 0.070000 0.052500
2 0.645833 0.105000 0.055000 0.085000
3 0.025833 0.606250 0.031667 0.032500
0 0.735000 0.816250 0.160000 0.227500
0 0.111667 0.931250 0.046667 0.072500
0 0.230833 0.691250 0.095000 0.152500
3 0.093333 0.082500 0.016667 0.055000
2 0.741667 0.883750 0.063333 0.102500
2 0.273333 0.418750 0.126667 0.147500
2 0.870000 0.323750 0.083333 0.077500
2 0.824167 0.613750 0.065000 0.122500
3 0.396667 0.228750 0.086667 0.112500
1 0.163333 0.078750 0.043333 0.057500
2 0.405000 0.078750 0.116667 0.092500
1 0.655000 0.192500 0.096667 0.110000
2 0.166667 0.475000 0.130000 0.185000
2 0.778333 0.106250 0.050000 0.082500
1 0.455833 0.313750 0.111667 0.137500
0 0.165000 0.772500 0.160000 0.255000
1 0.520833 0.767500 0.048333 0.060000
2 0.735000 0.358750 0.123333 0.137500
2 0.199167 0.607500 0.115000 0.070000
0 0.742500 0.620000 0.141667 0.215000
0 0.730000 0.103750 0.096667 0.142500
1 0.885833 0.093750 0.148333 0.172500
3 0.805000 0.490000 0.083333 0.085000
1 0.268333 0.787500 0.080000 0.115000
2 0.264167 0.212500 0.075000 0.255000
0 0.793333 0.401250 0.183333 0.272500
