1 0.796667 0.167500 0.040000 0.055000
1 0.375000 0.206250 0.080000 0.092500
0 0.810000 0.577500 0.033333 0.050000
2 0.350000 0.051250 0.090000 0.097500
1 0.809167 0.676250 0.118333 0.217500
2 0.910000 0.572500 0.150000 0.140000
3 0.761667 0.141250 0.033333 0.042500
3 0.498333 0.275000 0.140000 0.145000
2 0.821667 0.138750 0.040000 0.062500
0 0.179167 0.752500 0.091667 0.105000
3 0.799167 0.883750 0.031667 0.077500
1 0.123333 0.323750 0.076667 0.092500
1 0.430833 0.808750 0.098333 0.137500
0 0.479167 0.487500 0.171667 0.215000
3 0.301667 0.112500 0.030000 0.030000
2 0.795000 0.800000 0.153333 0.155000
1 0.136667 0.443750 0.056667 0.092500
0 0.171667 0.360000 0.096667 0.145000
