3 0.390000 0.346250 0.030000 0.087500
0 0.100833 0.430000 0.035000 0.080000
2 0.475833 0.733750 0.065000 0.092500
2 0.305000 0.467500 0.090000 0.115000
1 0.894167 0.335000 0.095000 0.150000
1 0.120000 0.350000 0.066667 0.090000
0 0.600000 0.600000 0.050000 0.085000
3 0.253333 0.593750 0.113333 0.092500
3 0.742500 0.117500 0.078333 0.150000
1 0.485833 0.596250 0.081667 0.092500
0 0.803333 0.516250 0.103333 0.147500
1 0.556667 0.556250 0.116667 0.102500
3 0.153333 0.665000 0.066667 0.155000
1 0.420000 0.227500 0.080000 0.110000
2 0.464167 0.690000 0.031667 0.050000
3 0.658333 0.172500 0.083333 0.110000
3 0.163333 0.357500 0.033333 0.065000
0 0.731667 0.725000 0.033333 0.055000
3 0.097500 0.851250 0.071667 0.057500
2 0.670833 0.682500 0.045000 0.050000
1 0.635000 0.758750 0.053333 0.077500
0 0.856667 0.641250 0.110000 0.152500
1 0.630000 0.431250 0.100000 0.127500
3 0.545833 0.125000 0.075000 0.075000
0 0.380833 0.793750 0.208333 0.287500
0 0.765000 0.335000 0.136667 0.220000
3 0.121667 0.765000 0.046667 0.145000
2 0.266667 0.555000 0.080000 0.120000
1 0.390833 0.597500 0.038333 0.040000
2 0.730833 0.716250 0.115000 0.162500
0 0.888333 0.701250 0.126667 0.162500
2 0.113333 0.706250 0.103333 0.152500
3 0.737500 0.771250 0.085000 0.107500
1 0.194167 0.336250 0.165000 0.187500
1 0.689167 0.721250 0.028333 0.072500
3 0.747500 0.276250 0.101667 0.122500
2 0.893333 0.655000 0.143333 0.125000
2 0.110000 0.210000 0.120000 0.175000
0 0.583333 0.612500 0.113333 0.160000
3 0.365833 0.696250 0.121667 0.152500
1 0.460833 0.688750 0.065000 0.082500
3 0.143333 0.386250 0.023333 0.087500
2 0.195833 0.523750 0.158333 0.257500
