2 0.469167 0.755000 0.045000 0.065000
1 0.071667 0.237500 0.083333 0.100000
1 0.911667 0.517500 0.066667 0.135000
0 0.733333 0.892500 0.083333 0.135000
3 0.200833 0.608750 0.115000 0.162500
3 0.456667 0.313750 0.060000 0.097500
3 0.215833 0.331250 0.058333 0.072500
3 0.361667 0.483750 0.066667 0.167500
3 0.703333 0.578750 0.096667 0.277500
1 0.151667 0.412500 0.036667 0.040000
3 0.475833 0.432500 0.091667 0.155000
0 0.375000 0.767500 0.136667 0.210000
3 0.195833 0.330000 0.108333 0.130000
1 0.565000 0.211250 0.100000 0.107500
0 0.334167 0.135000 0.101667 0.145000
0 0.305833 0.625000 0.088333 0.120000
2 0.117500 0.745000 0.055000 0.055000
0 0.817500 0.138750 0.121667 0.187500
2 0.914167 0.680000 0.055000 0.070000
0 0.915833 0.213750 0.095000 0.127500
0 0.834167 0.761250 0.115000 0.182500
0 0.108333 0.408750 0.083333 0.092500
