0 0.352500 0.735000 0.118333 0.185000
0 0.630000 0.565000 0.150000 0.225000
2 0.673333 0.773750 0.150000 0.262500
1 0.395000 0.711250 0.066667 0.077500
1 0.681667 0.735000 0.110000 0.205000
2 0.340000 0.773750 0.083333 0.137500
1 0.406667 0.246250 0.073333 0.092500
1 0.428333 0.707500 0.133333 0.170000
3 0.448333 0.898750 0.033333 0.042500
0 0.567500 0.550000 0.055000 0.110000
0 0.650833 0.641250 0.128333 0.197500
2 0.765833 0.235000 0.011667 0.245000
3 0.757500 0.373750 0.205000 0.232500
2 0.920000 0.726250 0.100000 0.177500
1 0.671667 0.675000 0.060000 0.075000
2 0.237500 0.598750 0.071667 0.112500
3 0.555000 0.425000 0.043333 0.075000
3 0.107500 0.300000 0.041667 0.125000
0 0.525833 0.141250 0.061667 0.092500
3 0.543333 0.261250 0.096667 0.087500
3 0.817500 0.773750 0.061667 0.147500
2 0.333333 0.662500 0.123333 0.120000
1 0.645000 0.491250 0.253333 0.237500
2 0.715833 0.241250 0.075000 0.202500
1 0.667500 0.160000 0.095000 0.095000
3 0.809167 0.282500 0.035000 0.040000
3 0.628333 0.643750 0.086667 0.147500
3 0.250000 0.777500 0.066667 0.105000
0 0.582500 0.673750 0.081667 0.137500
