0 0.812500 0.697500 0.078333 0.125000
1 0.125000 0.583750 0.066667 0.112500
2 0.549167 0.337500 0.088333 0.145000
1 0.382500 0.195000 0.081667 0.200000
3 0.822500 0.693750 0.095000 0.167500
3 0.753333 0.030000 0.046667 0.050000
1 0.834167 0.235000 0.111667 0.125000
1 0.570833 0.397500 0.115000 0.185000
0 0.602500 0.732500 0.091667 0.125000
2 0.453333 0.437500 0.056667 0.200000
0 0.920000 0.845000 0.083333 0.145000
0 0.104167 0.262500 0.105000 0.145000
0 0.085000 0.352500 0.083333 0.125000
1 0.522500 0.480000 0.028333 0.045000
0 0.798333 0.408750 0.163333 0.242500
1 0.830833 0.560000 0.111667 0.205000
1 0.930833 0.810000 0.061667 0.115000
2 0.191667 0.433750 0.043333 0.127500
1 0.270833 0.761250 0.038333 0.102500
3 0.273333 0.488750 0.033333 0.112500
0 0.440000 0.707500 0.130000 0.205000
3 0.152500 0.393750 0.045000 0.077500
0 0.244167 0.112500 0.128333 0.220000
0 0.318333 0.338750 0.240000 0.332500
0 0.515833 0.201250 0.145000 0.227500
1 0.245000 0.667500 0.083333 0.140000
0 0.473333 0.791250 0.146667 0.217500
3 0.129167 0.573750 0.078333 0.137500
3 0.387500 0.661250 0.048333 0.132500
2 0.373333 0.292500 0.160000 0.225000
0 0.314167 0.518750 0.118333 0.177500
3 0.385833 0.820000 0.081667 0.110000
3 0.255833 0.302500 0.038333 0.055000
2 0.529167 0.737500 0.045000 0.095000
1 0.487500 0.535000 0.055000 0.115000
2 0.119167 0.778750 0.035000 0.052500
2 0.555000 0.392500 0.130000 0.205000
1 0.870833 0.408750 0.098333 0.147500
0 0.291667 0.426250 0.120000 0.197500
3 0.049167 0.646250 0.061667 0.057500
3 0.050833 0.547500 0.071667 0.125000
0 0.230000 0.237500 0.066667 0.085000
3 0.105000 0.235000 0.046667 0.115000
3 0.874167 0.423750 0.071667 0.167500
3 0.792500 0.560000 0.068333 0.180000
0 0.510000 0.372500 0.043333 0.070000
3 0.626667 0.826250 0.050000 0.057500
3 0.900833 0.610000 0.051667 0.090000
