0 0.840000 0.690000 0.076667 0.095000
1 0.886667 0.560000 0.086667 0.100000
0 0.737500 0.797500 0.128333 0.205000
2 0.935833 0.373750 0.071667 0.107500
1 0.704167 0.707500 0.061667 0.150000
2 0.027500 0.186250 0.035000 0.027500
2 0.143333 0.441250 0.083333 0.057500
3 0.496667 0.480000 0.070000 0.110000
0 0.197500 0.896250 0.075000 0.137500
0 0.334167 0.797500 0.105000 0.190000
0 0.471667 0.087500 0.080000 0.115000
0 0.369167 0.537500 0.131667 0.230000
1 0.400833 0.063750 0.078333 0.112500
0 0.544167 0.482500 0.071667 0.105000
2 0.468333 0.132500 0.066667 0.070000
1 0.649167 0.167500 0.115000 0.130000
2 0.482500 0.771250 0.055000 0.157500
1 0.280000 0.720000 0.100000 0.110000
0 0.820000 0.293750 0.110000 0.162500
2 0.530000 0.163750 0.083333 0.142500
1 0.587500 0.458750 0.078333 0.092500
3 0.619167 0.151250 0.025000 0.027500
2 0.070000 0.363750 0.030000 0.057500
1 0.625000 0.665000 0.076667 0.210000
0 0.385000 0.271250 0.120000 0.152500
3 0.280000 0.043750 0.066667 0.077500
3 0.407500 0.311250 0.085000 0.127500
0 0.086667 0.873750 0.133333 0.172500
0 0.861667 0.367500 0.160000 0.215000
0 0.853333 0.746250 0.126667 0.207500
0 0.342500 0.461250 0.195000 0.287500
0 0.622500 0.482500 0.105000 0.170000
0 0.725833 0.915000 0.108333 0.125000
3 0.886667 0.346250 0.116667 0.112500
3 0.090000 0.063750 0.096667 0.087500
3 0.503333 0.682500 0.056667 0.100000
0 0.295833 0.300000 0.035000 0.065000
