2 0.888333 0.608750 0.046667 0.067500
1 0.701667 0.435000 0.086667 0.120000
1 0.440833 0.705000 0.115000 0.155000
0 0.569167 0.306250 0.105000 0.167500
1 0.147500 0.140000 0.051667 0.060000
0 0.200000 0.447500 0.163333 0.235000
3 0.284167 0.416250 0.078333 0.132500
3 0.280833 0.492500 0.071667 0.160000
2 0.795833 0.787500 0.021667 0.080000
0 0.120833 0.478750 0.035000 0.057500
1 0.188333 0.235000 0.123333 0.170000
3 0.843333 0.382500 0.130000 0.150000
1 0.143333 0.536250 0.066667 0.092500
3 0.286667 0.498750 0.083333 0.067500
1 0.132500 0.753750 0.091667 0.132500
2 0.112500 0.720000 0.161667 0.230000
2 0.528333 0.458750 0.126667 0.072500
3 0.856667 0.468750 0.050000 0.082500
1 0.869167 0.645000 0.061667 0.145000
0 0.275000 0.128750 0.106667 0.167500
0 0.765000 0.200000 0.120000 0.220000
2 0.560000 0.862500 0.073333 0.085000
2 0.904167 0.023750 0.041667 0.042500
3 0.272500 0.573750 0.068333 0.097500
3 0.670833 0.313750 0.025000 0.032500
1 0.860833 0.333750 0.131667 0.197500
2 0.543333 0.228750 0.150000 0.137500
3 0.273333 0.126250 0.040000 0.032500
0 0.895000 0.797500 0.043333 0.095000
1 0.592500 0.726250 0.125000 0.177500
2 0.375000 0.618750 0.043333 0.062500
0 0.532500 0.272500 0.148333 0.220000
2 0.050000 0.060000 0.050000 0.100000
2 0.300833 0.308750 0.035000 0.072500
