2 0.869167 0.556250 0.051667 0.057500
2 0.850000 0.901250 0.086667 0.132500
0 0.292500 0.202500 0.128333 0.215000
1 0.868333 0.593750 0.076667 0.112500
0 0.043333 0.501250 0.073333 0.122500
0 0.705833 0.865000 0.058333 0.105000
3 0.917500 0.753750 0.015000 0.047500
3 0.725833 0.801250 0.131667 0.152500
2 0.528333 0.601250 0.116667 0.092500
2 0.710000 0.472500 0.120000 0.115000
0 0.534167 0.675000 0.138333 0.210000
2 0.755000 0.770000 0.123333 0.110000
1 0.498333 0.301250 0.136667 0.202500
0 0.280833 0.347500 0.091667 0.105000
3 0.825833 0.548750 0.098333 0.092500
1 0.501667 0.838750 0.050000 0.087500
1 0.572500 0.125000 0.055000 0.110000
0 0.220833 0.825000 0.098333 0.130000
1 0.355000 0.656250 0.116667 0.157500
3 0.535833 0.358750 0.088333 0.107500
2 0.742500 0.308750 0.128333 0.117500
2 0.626667 0.396250 0.026667 0.072500
0 0.420000 0.677500 0.140000 0.210000
3 0.107500 0.780000 0.111667 0.110000
0 0.650833 0.406250 0.158333 0.197500
0 0.415833 0.475000 0.051667 0.070000
1 0.460833 0.812500 0.098333 0.205000
2 0.910833 0.661250 0.071667 0.102500
2 0.801667 0.567500 0.053333 0.065000
1 0.619167 0.610000 0.058333 0.085000
1 0.853333 0.245000 0.066667 0.110000
3 0.394167 0.858750 0.065000 0.107500
3 0.647500 0.732500 0.031667 0.065000
0 0.701667 0.917500 0.086667 0.135000
0 0.117500 0.261250 0.165000 0.252500
0 0.623333 0.602500 0.110000 0.200000
