2 0.324167 0.280000 0.078333 0.155000
0 0.157500 0.478750 0.038333 0.047500
3 0.882500 0.537500 0.045000 0.075000
0 0.614167 0.403750 0.198333 0.297500
0 0.705833 0.568750 0.095000 0.187500
0 0.405833 0.141250 0.061667 0.092500
3 0.365000 0.503750 0.083333 0.132500
3 0.057500 0.475000 0.115000 0.140000
2 0.654167 0.106250 0.061667 0.082500
3 0.590833 0.466250 0.078333 0.132500
2 0.623333 0.582500 0.053333 0.160000
3 0.540833 0.227500 0.048333 0.100000
1 0.028333 0.430000 0.033333 0.040000
2 0.243333 0.508750 0.100000 0.217500
2 0.615000 0.156250 0.070000 0.052500
3 0.128333 0.370000 0.030000 0.030000
3 0.155833 0.685000 0.118333 0.175000
0 0.444167 0.127500 0.115000 0.155000
1 0.304167 0.540000 0.095000 0.110000
0 0.465833 0.721250 0.075000 0.127500
0 0.274167 0.622500 0.091667 0.135000
2 0.776667 0.486250 0.043333 0.062500
2 0.393333 0.632500 0.113333 0.130000
1 0.172500 0.157500 0.038333 0.045000
1 0.376667 0.241250 0.086667 0.117500
1 0.584167 0.935000 0.038333 0.055000
3 0.870833 0.147500 0.041667 0.055000
1 0.554167 0.048750 0.028333 0.032500
2 0.492500 0.731250 0.078333 0.117500
1 0.600833 0.842500 0.068333 0.090000
1 0.147500 0.603750 0.118333 0.182500
3 0.690000 0.768750 0.086667 0.127500
