2 0.280833 0.182500 0.118333 0.150000
0 0.879167 0.788750 0.075000 0.122500
1 0.265833 0.621250 0.105000 0.157500
3 0.774167 0.243750 0.065000 0.047500
1 0.248333 0.375000 0.033333 0.095000
0 0.938333 0.245000 0.076667 0.100000
3 0.623333 0.790000 0.083333 0.100000
0 0.214167 0.473750 0.088333 0.132500
1 0.310833 0.082500 0.055000 0.085000
3 0.778333 0.050000 0.030000 0.030000
3 0.799167 0.152500 0.111667 0.150000
2 0.278333 0.823750 0.120000 0.237500
1 0.332500 0.532500 0.111667 0.175000
2 0.727500 0.391250 0.135000 0.142500
2 0.728333 0.518750 0.030000 0.077500
1 0.387500 0.217500 0.135000 0.170000
1 0.750000 0.346250 0.126667 0.167500
0 0.140000 0.348750 0.136667 0.217500
0 0.410000 0.836250 0.113333 0.157500
3 0.570833 0.116250 0.065000 0.097500
3 0.524167 0.110000 0.051667 0.070000
