1 0.802500 0.886250 0.051667 0.087500
2 0.188333 0.425000 0.046667 0.045000
1 0.288333 0.428750 0.150000 0.192500
1 0.180000 0.548750 0.046667 0.052500
0 0.359167 0.870000 0.141667 0.250000
0 0.475000 0.595000 0.120000 0.140000
2 0.785000 0.245000 0.136667 0.170000
3 0.497500 0.306250 0.071667 0.077500
1 0.599167 0.302500 0.031667 0.060000
1 0.451667 0.940000 0.030000 0.035000
1 0.598333 0.535000 0.133333 0.195000
1 0.413333 0.610000 0.103333 0.210000
1 0.179167 0.560000 0.105000 0.130000
2 0.645833 0.246250 0.055000 0.042500
2 0.095833 0.716250 0.091667 0.132500
3 0.180833 0.150000 0.095000 0.105000
2 0.371667 0.337500 0.120000 0.180000
1 0.562500 0.432500 0.105000 0.180000
3 0.223333 0.330000 0.050000 0.045000
2 0.391667 0.786250 0.086667 0.082500
2 0.862500 0.906250 0.045000 0.067500
1 0.151667 0.625000 0.086667 0.125000
2 0.260833 0.542500 0.058333 0.075000
3 0.767500 0.342500 0.055000 0.085000
3 0.857500 0.347500 0.068333 0.055000
0 0.248333 0.833750 0.170000 0.237500
2 0.531667 0.121250 0.066667 0.102500
0 0.633333 0.775000 0.076667 0.130000
3 0.225000 0.837500 0.120000 0.130000
2 0.437500 0.388750 0.108333 0.097500
0 0.929167 0.246250 0.088333 0.102500
0 0.119167 0.437500 0.181667 0.265000
1 0.700833 0.580000 0.048333 0.055000
2 0.504167 0.873750 0.141667 0.132500
0 0.685000 0.471250 0.126667 0.202500
1 0.353333 0.740000 0.123333 0.150000
3 0.152500 0.606250 0.068333 0.047500
3 0.873333 0.392500 0.056667 0.080000
