2 0.174167 0.445000 0.101667 0.170000
3 0.856667 0.610000 0.050000 0.040000
3 0.269167 0.262500 0.111667 0.095000
0 0.197500 0.601250 0.138333 0.162500
0 0.395000 0.812500 0.123333 0.200000
2 0.402500 0.421250 0.085000 0.117500
2 0.494167 0.936250 0.055000 0.072500
1 0.020833 0.361250 0.018333 0.052500
3 0.556667 0.541250 0.110000 0.132500
2 0.786667 0.247500 0.106667 0.090000
1 0.708333 0.131250 0.030000 0.062500
3 0.261667 0.532500 0.103333 0.155000
0 0.343333 0.295000 0.143333 0.230000
3 0.331667 0.425000 0.063333 0.085000
1 0.518333 0.500000 0.093333 0.145000
1 0.243333 0.115000 0.073333 0.145000
1 0.785000 0.242500 0.060000 0.075000
3 0.304167 0.876250 0.021667 0.052500
0 0.725000 0.582500 0.043333 0.060000
0 0.820833 0.352500 0.121667 0.180000
2 0.500000 0.538750 0.120000 0.127500
3 0.070000 0.255000 0.130000 0.130000
3 0.815833 0.418750 0.108333 0.142500
1 0.242500 0.436250 0.065000 0.112500
3 0.305000 0.498750 0.113333 0.167500
1 0.353333 0.756250 0.020000 0.057500
3 0.780833 0.887500 0.045000 0.060000
0 0.145833 0.236250 0.141667 0.247500
0 0.763333 0.675000 0.130000 0.190000
1 0.635000 0.247500 0.090000 0.170000
0 0.720833 0.440000 0.045000 0.100000
0 0.291667 0.598750 0.090000 0.142500
