1 0.893333 0.817500 0.046667 0.055000
0 0.792500 0.190000 0.098333 0.150000
3 0.164167 0.781250 0.061667 0.142500
2 0.468333 0.502500 0.033333 0.025000
2 0.864167 0.600000 0.065000 0.175000
3 0.890833 0.862500 0.035000 0.060000
2 0.856667 0.826250 0.043333 0.052500
0 0.310000 0.676250 0.146667 0.237500
1 0.075833 0.083750 0.068333 0.107500
2 0.760833 0.748750 0.081667 0.062500
3 0.071667 0.295000 0.046667 0.050000
1 0.908333 0.292500 0.070000 0.080000
2 0.692500 0.726250 0.265000 0.292500
0 0.499167 0.275000 0.101667 0.150000
