3 0.198333 0.275000 0.110000 0.070000
2 0.264167 0.337500 0.055000 0.075000
2 0.841667 0.528750 0.083333 0.102500
0 0.207500 0.493750 0.181667 0.242500
0 0.167500 0.746250 0.128333 0.157500
1 0.685000 0.217500 0.046667 0.045000
2 0.232500 0.337500 0.028333 0.045000
1 0.633333 0.465000 0.096667 0.110000
1 0.550833 0.192500 0.071667 0.130000
1 0.459167 0.935000 0.031667 0.040000
0 0.185000 0.601250 0.073333 0.117500
0 0.257500 0.223750 0.001667 0.087500
3 0.275833 0.907500 0.035000 0.045000
2 0.115000 0.857500 0.056667 0.090000
2 0.820833 0.563750 0.041667 0.047500
2 0.418333 0.465000 0.030000 0.045000
2 0.088333 0.437500 0.166667 0.225000
2 0.049167 0.622500 0.065000 0.055000
3 0.420833 0.767500 0.075000 0.110000
2 0.890000 0.560000 0.096667 0.190000
0 0.203333 0.710000 0.240000 0.285000
2 0.604167 0.861250 0.038333 0.057500
3 0.041667 0.838750 0.063333 0.102500
3 0.571667 0.472500 0.046667 0.095000
0 0.602500 0.465000 0.101667 0.175000
1 0.099167 0.431250 0.085000 0.097500
2 0.836667 0.316250 0.106667 0.097500
1 0.265833 0.283750 0.051667 0.122500
3 0.780000 0.663750 0.126667 0.152500
3 0.315000 0.836250 0.066667 0.157500
3 0.441667 0.570000 0.033333 0.030000
1 0.381667 0.726250 0.123333 0.177500
1 0.551667 0.560000 0.093333 0.140000
1 0.762500 0.357500 0.135000 0.185000
0 0.658333 0.568750 0.130000 0.152500
2 0.565000 0.221250 0.133333 0.137500
0 0.048333 0.610000 0.090000 0.135000
0 0.458333 0.422500 0.116667 0.180000
2 0.663333 0.248750 0.120000 0.082500
3 0.480000 0.675000 0.093333 0.140000
2 0.314167 0.691250 0.068333 0.142500
0 0.700833 0.216250 0.125000 0.217500
2 0.350833 0.737500 0.051667 0.040000
1 0.402500 0.237500 0.135000 0.150000
1 0.602500 0.395000 0.031667 0.045000
