3 0.752500 0.186250 0.121667 0.147500
0 0.136667 0.840000 0.050000 0.075000
1 0.809167 0.826250 0.135000 0.192500
0 0.302500 0.572500 0.065000 0.110000
2 0.921667 0.201250 0.003333 0.187500
2 0.085833 0.400000 0.111667 0.150000
1 0.396667 0.387500 0.053333 0.070000
3 0.930833 0.446250 0.041667 0.072500
3 0.485833 0.263750 0.078333 0.112500
1 0.833333 0.537500 0.120000 0.200000
0 0.344167 0.703750 0.101667 0.157500
0 0.245000 0.221250 0.103333 0.152500
2 0.439167 0.667500 0.075000 0.120000
3 0.188333 0.258750 0.116667 0.087500
3 0.357500 0.727500 0.098333 0.115000
3 0.417500 0.290000 0.041667 0.125000
2 0.145000 0.096250 0.103333 0.172500
1 0.515833 0.148750 0.091667 0.117500
3 0.366667 0.552500 0.036667 0.030000
1 0.325833 0.885000 0.105000 0.135000
1 0.543333 0.317500 0.056667 0.095000
1 0.391667 0.250000 0.176667 0.200000
1 0.291667 0.147500 0.056667 0.060000
1 0.918333 0.730000 0.080000 0.120000
2 0.197500 0.682500 0.048333 0.145000
1 0.882500 0.315000 0.141667 0.190000
1 0.841667 0.671250 0.073333 0.142500
3 0.512500 0.732500 0.068333 0.070000
1 0.915833 0.911250 0.038333 0.047500
3 0.631667 0.533750 0.113333 0.102500
1 0.049167 0.100000 0.025000 0.055000
3 0.856667 0.161250 0.083333 0.142500
0 0.739167 0.838750 0.045000 0.062500
0 0.734167 0.257500 0.131667 0.200000
0 0.307500 0.701250 0.038333 0.057500
2 0.838333 0.487500 0.043333 0.045000
