0 0.843333 0.423750 0.086667 0.132500
2 0.803333 0.428750 0.090000 0.102500
1 0.892500 0.720000 0.038333 0.055000
1 0.692500 0.696250 0.058333 0.062500
1 0.300833 0.068750 0.085000 0.102500
2 0.590833 0.293750 0.045000 0.067500
0 0.490000 0.702500 0.163333 0.235000
3 0.619167 0.433750 0.145000 0.122500
0 0.585833 0.781250 0.115000 0.227500
2 0.513333 0.353750 0.040000 0.122500
1 0.360000 0.106250 0.033333 0.057500
1 0.595000 0.613750 0.070000 0.102500
3 0.299167 0.548750 0.071667 0.162500
2 0.715000 0.483750 0.046667 0.167500
2 0.305833 0.155000 0.098333 0.145000
2 0.165000 0.351250 0.086667 0.117500
1 0.830000 0.428750 0.076667 0.142500
0 0.772500 0.321250 0.181667 0.242500
1 0.847500 0.638750 0.068333 0.112500
3 0.393333 0.433750 0.086667 0.107500
1 0.275833 0.787500 0.065000 0.110000
3 0.520000 0.795000 0.136667 0.155000
3 0.048333 0.368750 0.030000 0.037500
3 0.315833 0.526250 0.038333 0.077500
1 0.732500 0.383750 0.111667 0.147500
2 0.143333 0.700000 0.176667 0.230000
2 0.726667 0.203750 0.026667 0.052500
3 0.243333 0.152500 0.060000 0.140000
2 0.177500 0.095000 0.131667 0.110000
1 0.819167 0.611250 0.128333 0.222500
2 0.323333 0.723750 0.040000 0.047500
2 0.647500 0.117500 0.085000 0.080000
