3 0.851667 0.310000 0.083333 0.125000
0 0.545833 0.078750 0.081667 0.107500
1 0.481667 0.416250 0.030000 0.037500
0 0.275000 0.320000 0.143333 0.230000
1 0.037500 0.812500 0.055000 0.060000
0 0.508333 0.157500 0.093333 0.165000
1 0.411667 0.930000 0.040000 0.060000
2 0.170833 0.192500 0.068333 0.050000
3 0.314167 0.448750 0.095000 0.162500
3 0.460000 0.056250 0.120000 0.097500
3 0.318333 0.568750 0.073333 0.067500
3 0.500000 0.933750 0.026667 0.047500
3 0.088333 0.282500 0.083333 0.165000
3 0.383333 0.462500 0.036667 0.045000
2 0.834167 0.260000 0.038333 0.135000
3 0.349167 0.106250 0.065000 0.132500
0 0.270833 0.241250 0.145000 0.212500
3 0.354167 0.613750 0.055000 0.087500
0 0.111667 0.808750 0.050000 0.082500
3 0.112500 0.556250 0.055000 0.067500
3 0.155833 0.673750 0.091667 0.182500
1 0.045833 0.425000 0.078333 0.100000
0 0.886667 0.123750 0.130000 0.207500
1 0.480000 0.160000 0.156667 0.180000
3 0.350000 0.185000 0.113333 0.085000
0 0.789167 0.797500 0.135000 0.190000
1 0.928333 0.090000 0.086667 0.130000
3 0.690833 0.140000 0.015000 0.040000
0 0.733333 0.526250 0.143333 0.167500
2 0.486667 0.756250 0.126667 0.222500
