2 0.491667 0.846250 0.046667 0.052500
3 0.753333 0.685000 0.043333 0.120000
2 0.490000 0.412500 0.073333 0.110000
1 0.510833 0.218750 0.091667 0.107500
0 0.465833 0.815000 0.091667 0.130000
0 0.790000 0.562500 0.046667 0.065000
1 0.295833 0.881250 0.075000 0.162500
1 0.441667 0.567500 0.036667 0.080000
3 0.790833 0.391250 0.235000 0.237500
2 0.182500 0.748750 0.225000 0.322500
1 0.898333 0.536250 0.126667 0.157500
3 0.722500 0.555000 0.105000 0.105000
0 0.929167 0.915000 0.065000 0.110000
2 0.835000 0.437500 0.110000 0.220000
0 0.805833 0.230000 0.098333 0.115000
3 0.667500 0.451250 0.098333 0.192500
3 0.729167 0.685000 0.131667 0.100000
2 0.478333 0.586250 0.063333 0.062500
1 0.046667 0.873750 0.076667 0.157500
2 0.208333 0.098750 0.140000 0.187500
2 0.629167 0.513750 0.075000 0.077500
0 0.182500 0.653750 0.075000 0.117500
1 0.079167 0.885000 0.035000 0.045000
2 0.594167 0.500000 0.115000 0.170000
3 0.379167 0.562500 0.038333 0.105000
3 0.670833 0.367500 0.098333 0.090000
2 0.770833 0.138750 0.031667 0.042500
0 0.203333 0.083750 0.086667 0.117500
1 0.784167 0.356250 0.141667 0.187500
0 0.325000 0.273750 0.076667 0.117500
1 0.561667 0.662500 0.023333 0.070000
0 0.802500 0.236250 0.105000 0.147500
3 0.571667 0.712500 0.046667 0.085000
1 0.726667 0.232500 0.100000 0.125000
1 0.718333 0.498750 0.073333 0.082500
2 0.523333 0.601250 0.033333 0.122500
