0 0.126667 0.191250 0.086667 0.157500
3 0.320000 0.215000 0.033333 0.030000
0 0.735000 0.410000 0.066667 0.100000
0 0.598333 0.438750 0.113333 0.132500
3 0.650833 0.163750 0.021667 0.047500
1 0.391667 0.422500 0.100000 0.150000
1 0.930833 0.722500 0.038333 0.075000
1 0.809167 0.246250 0.078333 0.097500
0 0.033333 0.777500 0.066667 0.085000
0 0.115000 0.415000 0.070000 0.100000
3 0.557500 0.432500 0.195000 0.255000
1 0.630833 0.300000 0.145000 0.210000
0 0.114167 0.251250 0.035000 0.057500
0 0.495833 0.308750 0.041667 0.077500
2 0.954167 0.326250 0.021667 0.052500
2 0.703333 0.196250 0.096667 0.252500
3 0.125833 0.491250 0.091667 0.102500
3 0.748333 0.222500 0.103333 0.125000
0 0.504167 0.545000 0.115000 0.190000
3 0.300000 0.088750 0.040000 0.107500
0 0.315000 0.642500 0.060000 0.075000
0 0.630833 0.671250 0.111667 0.202500
1 0.857500 0.278750 0.131667 0.167500
1 0.257500 0.813750 0.121667 0.177500
3 0.439167 0.277500 0.098333 0.085000
0 0.332500 0.473750 0.098333 0.147500
1 0.600833 0.498750 0.138333 0.202500
3 0.865000 0.701250 0.090000 0.197500
0 0.789167 0.532500 0.128333 0.215000
1 0.850833 0.162500 0.081667 0.090000
2 0.605833 0.668750 0.051667 0.107500
3 0.333333 0.853750 0.043333 0.107500
3 0.524167 0.777500 0.095000 0.125000
0 0.046667 0.935000 0.043333 0.060000
3 0.455000 0.636250 0.030000 0.037500
0 0.679167 0.796250 0.235000 0.287500
2 0.257500 0.722500 0.098333 0.100000
