1 0.324167 0.437500 0.055000 0.090000
2 0.026667 0.666250 0.030000 0.047500
0 0.264167 0.382500 0.045000 0.090000
2 0.405833 0.055000 0.055000 0.070000
2 0.294167 0.178750 0.085000 0.137500
3 0.514167 0.821250 0.098333 0.112500
1 0.348333 0.923750 0.030000 0.062500
0 0.103333 0.532500 0.140000 0.220000
3 0.737500 0.580000 0.065000 0.190000
3 0.509167 0.801250 0.118333 0.132500
2 0.823333 0.273750 0.130000 0.152500
2 0.265833 0.315000 0.115000 0.130000
2 0.466667 0.262500 0.050000 0.060000
3 0.545833 0.626250 0.075000 0.112500
3 0.786667 0.090000 0.053333 0.125000
2 0.255833 0.147500 0.061667 0.130000
