3 0.901667 0.938750 0.026667 0.032500
3 0.855833 0.425000 0.115000 0.120000
3 0.232500 0.751250 0.081667 0.102500
0 0.858333 0.513750 0.066667 0.102500
0 0.136667 0.458750 0.060000 0.087500
0 0.804167 0.195000 0.075000 0.105000
1 0.467500 0.943750 0.035000 0.047500
3 0.134167 0.738750 0.038333 0.087500
1 0.543333 0.815000 0.143333 0.210000
3 0.200000 0.103750 0.033333 0.022500
0 0.185833 0.156250 0.125000 0.157500
3 0.325833 0.603750 0.128333 0.127500
0 0.056667 0.773750 0.050000 0.057500
0 0.645000 0.723750 0.053333 0.077500
1 0.792500 0.116250 0.045000 0.082500
0 0.801667 0.130000 0.096667 0.140000
1 0.860000 0.370000 0.100000 0.190000
2 0.166667 0.056250 0.106667 0.057500
2 0.487500 0.538750 0.001667 0.127500
