2 0.500833 0.862500 0.121667 0.125000
3 0.435833 0.825000 0.025000 0.060000
0 0.505833 0.110000 0.075000 0.110000
3 0.455000 0.080000 0.030000 0.090000
2 0.549167 0.172500 0.065000 0.085000
3 0.778333 0.831250 0.070000 0.062500
1 0.712500 0.640000 0.125000 0.145000
3 0.541667 0.550000 0.200000 0.200000
3 0.458333 0.895000 0.046667 0.080000
2 0.640833 0.563750 0.101667 0.122500
0 0.247500 0.651250 0.138333 0.247500
0 0.520833 0.187500 0.145000 0.215000
0 0.038333 0.886250 0.070000 0.102500
0 0.353333 0.830000 0.120000 0.190000
1 0.183333 0.537500 0.153333 0.190000
2 0.300833 0.176250 0.131667 0.122500
0 0.424167 0.456250 0.085000 0.107500
2 0.041667 0.287500 0.036667 0.065000
0 0.420833 0.432500 0.041667 0.055000
2 0.189167 0.653750 0.118333 0.122500
2 0.510000 0.583750 0.050000 0.052500
1 0.480833 0.738750 0.085000 0.092500
1 0.665000 0.570000 0.030000 0.045000
0 0.580833 0.382500 0.055000 0.065000
1 0.513333 0.513750 0.056667 0.067500
2 0.364167 0.226250 0.041667 0.052500
2 0.140000 0.620000 0.050000 0.235000
2 0.173333 0.505000 0.100000 0.200000
1 0.227500 0.148750 0.128333 0.142500
0 0.625000 0.532500 0.163333 0.215000
3 0.754167 0.215000 0.081667 0.105000
2 0.850833 0.198750 0.121667 0.167500
2 0.578333 0.560000 0.093333 0.085000
3 0.500000 0.147500 0.053333 0.065000
