3 0.098333 0.688750 0.080000 0.057500
2 0.065833 0.086250 0.038333 0.062500
1 0.495000 0.618750 0.043333 0.057500
3 0.044167 0.092500 0.075000 0.175000
0 0.760000 0.891250 0.050000 0.077500
1 0.658333 0.232500 0.100000 0.180000
1 0.873333 0.207500 0.030000 0.060000
2 0.585000 0.785000 0.080000 0.120000
3 0.765000 0.616250 0.100000 0.102500
2 0.241667 0.176250 0.103333 0.132500
1 0.429167 0.346250 0.085000 0.192500
3 0.535833 0.278750 0.151667 0.202500
0 0.335000 0.218750 0.160000 0.227500
1 0.175833 0.620000 0.111667 0.135000
