2 0.830000 0.330000 0.126667 0.190000
2 0.390000 0.248750 0.050000 0.082500
1 0.294167 0.271250 0.091667 0.107500
0 0.322500 0.616250 0.051667 0.072500
2 0.698333 0.511250 0.086667 0.117500
0 0.301667 0.187500 0.106667 0.185000
0 0.553333 0.347500 0.163333 0.245000
0 0.139167 0.565000 0.118333 0.185000
2 0.547500 0.410000 0.201667 0.235000
0 0.465000 0.230000 0.206667 0.285000
0 0.920000 0.336250 0.110000 0.162500
3 0.799167 0.048750 0.068333 0.072500
0 0.801667 0.701250 0.090000 0.207500
0 0.169167 0.563750 0.148333 0.287500
0 0.346667 0.775000 0.110000 0.145000
1 0.678333 0.108750 0.076667 0.157500
2 0.834167 0.838750 0.121667 0.162500
3 0.131667 0.540000 0.053333 0.120000
2 0.349167 0.166250 0.291667 0.312500
1 0.520000 0.350000 0.113333 0.180000
3 0.076667 0.500000 0.076667 0.095000
2 0.897500 0.197500 0.065000 0.085000
2 0.686667 0.851250 0.123333 0.112500
2 0.072500 0.112500 0.041667 0.130000
2 0.875000 0.135000 0.090000 0.200000
3 0.770833 0.391250 0.118333 0.077500
1 0.390000 0.560000 0.106667 0.140000
0 0.234167 0.171250 0.091667 0.142500
1 0.296667 0.867500 0.060000 0.070000
3 0.492500 0.500000 0.111667 0.110000
2 0.456667 0.213750 0.173333 0.237500
2 0.894167 0.163750 0.065000 0.192500
3 0.332500 0.707500 0.095000 0.140000
1 0.311667 0.237500 0.080000 0.105000
1 0.430000 0.202500 0.050000 0.095000
1 0.105833 0.621250 0.081667 0.112500
0 0.807500 0.612500 0.128333 0.175000
1 0.329167 0.128750 0.045000 0.057500
1 0.521667 0.372500 0.126667 0.135000
0 0.131667 0.237500 0.136667 0.190000
2 0.465000 0.147500 0.106667 0.155000
3 0.343333 0.448750 0.106667 0.302500
