2 0.464167 0.690000 0.115000 0.155000
0 0.058333 0.161250 0.043333 0.067500
3 0.629167 0.382500 0.061667 0.115000
3 0.165000 0.307500 0.070000 0.090000
0 0.778333 0.911250 0.043333 0.062500
2 0.210000 0.362500 0.153333 0.175000
1 0.135000 0.202500 0.033333 0.070000
0 0.419167 0.363750 0.035000 0.052500
1 0.190833 0.796250 0.055000 0.072500
2 0.750833 0.110000 0.085000 0.110000
0 0.933333 0.931250 0.063333 0.097500
0 0.186667 0.546250 0.060000 0.132500
0 0.436667 0.407500 0.140000 0.210000
0 0.202500 0.927500 0.035000 0.050000
2 0.915833 0.368750 0.068333 0.052500
3 0.197500 0.187500 0.101667 0.095000
3 0.488333 0.511250 0.020000 0.057500
0 0.856667 0.602500 0.080000 0.130000
1 0.465000 0.308750 0.086667 0.172500
3 0.783333 0.516250 0.110000 0.122500
2 0.410833 0.235000 0.118333 0.190000
2 0.338333 0.196250 0.090000 0.207500
2 0.644167 0.631250 0.065000 0.122500
1 0.325000 0.897500 0.040000 0.075000
0 0.760000 0.812500 0.090000 0.135000
2 0.306667 0.910000 0.033333 0.035000
2 0.827500 0.720000 0.038333 0.030000
1 0.928333 0.356250 0.083333 0.117500
3 0.803333 0.541250 0.096667 0.127500
1 0.317500 0.092500 0.095000 0.115000
0 0.593333 0.127500 0.076667 0.130000
0 0.599167 0.811250 0.171667 0.202500
3 0.895000 0.481250 0.090000 0.087500
3 0.827500 0.826250 0.131667 0.142500
0 0.390833 0.718750 0.148333 0.237500
0 0.052500 0.522500 0.098333 0.150000
2 0.146667 0.201250 0.036667 0.047500
1 0.613333 0.457500 0.146667 0.175000
3 0.418333 0.376250 0.026667 0.032500
3 0.261667 0.220000 0.070000 0.200000
0 0.477500 0.257500 0.091667 0.150000
1 0.369167 0.756250 0.201667 0.227500
0 0.925833 0.691250 0.101667 0.152500
