0 0.552500 0.437500 0.091667 0.145000
0 0.091667 0.950000 0.040000 0.065000
0 0.433333 0.726250 0.160000 0.222500
0 0.731667 0.595000 0.110000 0.170000
3 0.304167 0.305000 0.028333 0.035000
0 0.125000 0.086250 0.136667 0.157500
2 0.093333 0.422500 0.043333 0.065000
1 0.480000 0.337500 0.126667 0.180000
3 0.677500 0.088750 0.125000 0.122500
0 0.104167 0.702500 0.091667 0.160000
1 0.818333 0.620000 0.140000 0.170000
1 0.365833 0.320000 0.028333 0.030000
2 0.683333 0.878750 0.060000 0.092500
0 0.428333 0.738750 0.106667 0.182500
3 0.636667 0.198750 0.113333 0.132500
3 0.380833 0.176250 0.048333 0.042500
1 0.121667 0.492500 0.120000 0.215000
2 0.981667 0.562500 0.010000 0.205000
3 0.277500 0.583750 0.058333 0.047500
0 0.031667 0.673750 0.050000 0.072500
0 0.910833 0.198750 0.058333 0.087500
2 0.165000 0.170000 0.133333 0.215000
0 0.763333 0.660000 0.140000 0.210000
