2 0.148333 0.611250 0.126667 0.257500
0 0.606667 0.685000 0.116667 0.175000
2 0.824167 0.798750 0.055000 0.132500
2 0.107500 0.682500 0.125000 0.250000
0 0.598333 0.115000 0.043333 0.065000
2 0.690000 0.313750 0.050000 0.092500
3 0.545000 0.812500 0.163333 0.185000
3 0.538333 0.385000 0.106667 0.115000
2 0.388333 0.727500 0.220000 0.230000
3 0.556667 0.640000 0.106667 0.155000
0 0.813333 0.271250 0.040000 0.087500
3 0.683333 0.236250 0.076667 0.142500
3 0.261667 0.886250 0.043333 0.077500
1 0.865000 0.387500 0.043333 0.105000
3 0.695833 0.106250 0.125000 0.117500
0 0.733333 0.605000 0.116667 0.140000
1 0.224167 0.690000 0.098333 0.120000
3 0.209167 0.613750 0.035000 0.022500
3 0.507500 0.145000 0.035000 0.030000
0 0.365833 0.327500 0.161667 0.245000
2 0.400000 0.881250 0.103333 0.097500
