2 0.435000 0.145000 0.076667 0.075000
0 0.287500 0.118750 0.058333 0.067500
1 0.730833 0.626250 0.035000 0.062500
2 0.126667 0.767500 0.046667 0.060000
3 0.720833 0.043750 0.015000 0.057500
1 0.442500 0.480000 0.031667 0.065000
3 0.376667 0.676250 0.023333 0.062500
0 0.266667 0.425000 0.146667 0.250000
1 0.200000 0.483750 0.050000 0.102500
0 0.829167 0.373750 0.031667 0.052500
1 0.475000 0.935000 0.043333 0.065000
2 0.165833 0.363750 0.161667 0.187500
0 0.307500 0.171250 0.085000 0.127500
2 0.623333 0.808750 0.026667 0.032500
0 0.518333 0.861250 0.046667 0.077500
0 0.452500 0.747500 0.138333 0.175000
0 0.872500 0.856250 0.078333 0.117500
0 0.662500 0.645000 0.075000 0.110000
3 0.208333 0.452500 0.070000 0.070000
2 0.247500 0.130000 0.121667 0.175000
2 0.435000 0.210000 0.153333 0.155000
3 0.863333 0.512500 0.100000 0.140000
0 0.560833 0.662500 0.138333 0.220000
1 0.261667 0.360000 0.076667 0.135000
0 0.862500 0.853750 0.085000 0.207500
2 0.437500 0.178750 0.118333 0.157500
3 0.161667 0.626250 0.136667 0.137500
2 0.667500 0.505000 0.095000 0.195000
0 0.446667 0.311250 0.106667 0.152500
3 0.168333 0.385000 0.076667 0.080000
3 0.114167 0.135000 0.048333 0.090000
1 0.549167 0.278750 0.108333 0.152500
1 0.555833 0.386250 0.121667 0.187500
0 0.605000 0.106250 0.046667 0.057500
3 0.424167 0.888750 0.031667 0.077500
3 0.053333 0.478750 0.046667 0.062500
2 0.402500 0.766250 0.165000 0.217500
1 0.361667 0.143750 0.106667 0.112500
2 0.149167 0.841250 0.065000 0.152500
3 0.150833 0.177500 0.145000 0.235000
0 0.097500 0.536250 0.085000 0.117500
3 0.063333 0.378750 0.110000 0.152500
1 0.105000 0.171250 0.130000 0.162500
1 0.280833 0.185000 0.078333 0.095000
0 0.355000 0.247500 0.106667 0.150000
1 0.260833 0.108750 0.135000 0.187500
3 0.624167 0.173750 0.048333 0.052500
