1 0.386667 0.432500 0.133333 0.185000
1 0.080833 0.508750 0.131667 0.152500
0 0.735000 0.845000 0.120000 0.200000
2 0.860833 0.280000 0.058333 0.090000
2 0.263333 0.362500 0.140000 0.215000
3 0.343333 0.381250 0.060000 0.092500
1 0.910000 0.782500 0.063333 0.125000
3 0.708333 0.248750 0.036667 0.027500
0 0.732500 0.420000 0.135000 0.155000
0 0.227500 0.875000 0.118333 0.235000
3 0.068333 0.113750 0.023333 0.072500
1 0.129167 0.513750 0.095000 0.132500
3 0.288333 0.335000 0.070000 0.170000
0 0.490000 0.875000 0.100000 0.120000
2 0.774167 0.711250 0.135000 0.137500
1 0.396667 0.738750 0.110000 0.177500
0 0.284167 0.226250 0.168333 0.197500
0 0.957500 0.377500 0.035000 0.070000
0 0.755833 0.611250 0.038333 0.057500
2 0.528333 0.365000 0.096667 0.130000
0 0.289167 0.181250 0.101667 0.137500
3 0.475833 0.370000 0.041667 0.040000
3 0.267500 0.683750 0.035000 0.052500
3 0.856667 0.167500 0.073333 0.175000
