2 0.413333 0.142500 0.090000 0.200000
1 0.890833 0.103750 0.035000 0.047500
1 0.100833 0.156250 0.128333 0.167500
0 0.648333 0.195000 0.160000 0.240000
1 0.082500 0.606250 0.131667 0.137500
3 0.577500 0.307500 0.135000 0.135000
2 0.302500 0.831250 0.031667 0.057500
0 0.603333 0.356250 0.143333 0.252500
2 0.128333 0.217500 0.070000 0.085000
2 0.195000 0.368750 0.160000 0.142500
0 0.254167 0.471250 0.118333 0.182500
2 0.866667 0.667500 0.083333 0.120000
0 0.146667 0.476250 0.056667 0.082500
3 0.619167 0.688750 0.068333 0.107500
0 0.714167 0.695000 0.108333 0.205000
0 0.575833 0.761250 0.111667 0.182500
1 0.531667 0.415000 0.070000 0.155000
3 0.219167 0.176250 0.071667 0.122500
3 0.063333 0.685000 0.096667 0.095000
2 0.775833 0.363750 0.101667 0.182500
3 0.533333 0.821250 0.046667 0.072500
1 0.716667 0.763750 0.083333 0.132500
0 0.833333 0.073750 0.086667 0.122500
2 0.539167 0.361250 0.075000 0.157500
2 0.514167 0.236250 0.135000 0.162500
3 0.502500 0.586250 0.078333 0.067500
0 0.554167 0.358750 0.101667 0.147500
1 0.780833 0.950000 0.045000 0.060000
0 0.375000 0.848750 0.086667 0.127500
3 0.622500 0.810000 0.028333 0.065000
2 0.945833 0.655000 0.075000 0.105000
0 0.355000 0.901250 0.073333 0.112500
2 0.565833 0.850000 0.045000 0.075000
1 0.615000 0.805000 0.050000 0.045000
1 0.165833 0.063750 0.028333 0.032500
0 0.915000 0.402500 0.100000 0.165000
1 0.165000 0.122500 0.100000 0.130000
0 0.620000 0.418750 0.126667 0.192500
0 0.535000 0.731250 0.060000 0.092500
1 0.736667 0.598750 0.100000 0.112500
0 0.500000 0.738750 0.083333 0.127500
