1 0.713333 0.568750 0.073333 0.102500
2 0.149167 0.066250 0.041667 0.047500
2 0.386667 0.810000 0.063333 0.070000
2 0.225833 0.445000 0.038333 0.040000
0 0.138333 0.397500 0.043333 0.050000
1 0.843333 0.431250 0.043333 0.057500
1 0.770000 0.822500 0.116667 0.125000
3 0.549167 0.190000 0.071667 0.080000
2 0.871667 0.470000 0.133333 0.135000
3 0.258333 0.416250 0.090000 0.077500
3 0.228333 0.250000 0.043333 0.100000
0 0.545000 0.740000 0.146667 0.285000
2 0.684167 0.380000 0.108333 0.105000
0 0.197500 0.596250 0.175000 0.257500
3 0.060000 0.682500 0.056667 0.115000
0 0.824167 0.743750 0.151667 0.217500
