3 0.713333 0.045000 0.090000 0.085000
0 0.678333 0.192500 0.170000 0.205000
0 0.679167 0.631250 0.125000 0.222500
0 0.134167 0.395000 0.088333 0.165000
1 0.780000 0.832500 0.026667 0.055000
3 0.793333 0.722500 0.130000 0.115000
3 0.336667 0.561250 0.050000 0.172500
1 0.887500 0.651250 0.081667 0.157500
1 0.123333 0.460000 0.143333 0.180000
3 0.789167 0.852500 0.048333 0.110000
2 0.232500 0.492500 0.051667 0.035000
3 0.116667 0.621250 0.073333 0.082500
3 0.419167 0.690000 0.078333 0.085000
2 0.623333 0.862500 0.030000 0.045000
2 0.083333 0.167500 0.043333 0.045000
3 0.197500 0.195000 0.081667 0.090000
0 0.698333 0.563750 0.053333 0.092500
1 0.488333 0.457500 0.073333 0.130000
1 0.425000 0.323750 0.030000 0.037500
1 0.477500 0.593750 0.038333 0.057500
3 0.685833 0.932500 0.015000 0.035000
0 0.110000 0.687500 0.140000 0.215000
3 0.559167 0.792500 0.088333 0.105000
2 0.600833 0.293750 0.055000 0.057500
3 0.043333 0.437500 0.070000 0.065000
1 0.607500 0.512500 0.041667 0.050000
3 0.325833 0.582500 0.125000 0.185000
2 0.495833 0.385000 0.085000 0.120000
0 0.745833 0.742500 0.081667 0.115000
1 0.842500 0.737500 0.138333 0.200000
0 0.616667 0.661250 0.166667 0.237500
1 0.593333 0.272500 0.040000 0.060000
