2 0.260833 0.423750 0.115000 0.167500
2 0.365000 0.531250 0.130000 0.187500
2 0.327500 0.285000 0.031667 0.095000
1 0.646667 0.288750 0.043333 0.062500
1 0.275833 0.165000 0.138333 0.155000
2 0.591667 0.490000 0.050000 0.070000
1 0.421667 0.490000 0.043333 0.065000
1 0.720000 0.927500 0.040000 0.050000
2 0.536667 0.335000 0.043333 0.070000
1 0.401667 0.363750 0.106667 0.137500
3 0.880000 0.625000 0.096667 0.140000
1 0.754167 0.387500 0.068333 0.090000
3 0.285000 0.452500 0.093333 0.140000
3 0.251667 0.557500 0.076667 0.060000
3 0.358333 0.448750 0.076667 0.087500
0 0.167500 0.201250 0.078333 0.127500
1 0.758333 0.350000 0.043333 0.085000
0 0.151667 0.667500 0.133333 0.180000
0 0.790833 0.471250 0.091667 0.137500
3 0.925000 0.095000 0.040000 0.060000
3 0.663333 0.767500 0.033333 0.040000
3 0.212500 0.602500 0.105000 0.140000
1 0.804167 0.345000 0.101667 0.150000
