1 0.766667 0.672500 0.110000 0.155000
2 0.837500 0.595000 0.135000 0.150000
3 0.600833 0.247500 0.075000 0.085000
1 0.467500 0.032500 0.028333 0.060000
3 0.787500 0.755000 0.185000 0.310000
1 0.778333 0.496250 0.046667 0.057500
3 0.426667 0.783750 0.100000 0.077500
1 0.226667 0.446250 0.060000 0.062500
0 0.060833 0.108750 0.058333 0.087500
2 0.315833 0.253750 0.158333 0.147500
0 0.926667 0.865000 0.090000 0.135000
0 0.895000 0.492500 0.076667 0.150000
2 0.932500 0.155000 0.058333 0.085000
2 0.138333 0.668750 0.150000 0.187500
3 0.217500 0.547500 0.058333 0.105000
0 0.369167 0.585000 0.188333 0.265000
1 0.430833 0.661250 0.115000 0.142500
2 0.067500 0.848750 0.101667 0.207500
0 0.894167 0.566250 0.105000 0.167500
