3 0.859167 0.171250 0.048333 0.057500
2 0.879167 0.486250 0.155000 0.237500
0 0.337500 0.451250 0.188333 0.282500
3 0.862500 0.290000 0.078333 0.110000
0 0.690833 0.276250 0.108333 0.217500
3 0.283333 0.513750 0.106667 0.127500
2 0.703333 0.170000 0.070000 0.065000
1 0.450833 0.422500 0.031667 0.035000
2 0.340000 0.813750 0.076667 0.102500
3 0.730000 0.428750 0.066667 0.092500
3 0.475833 0.495000 0.168333 0.250000
1 0.293333 0.411250 0.133333 0.182500
2 0.775000 0.117500 0.076667 0.130000
3 0.491667 0.137500 0.093333 0.095000
0 0.572500 0.218750 0.091667 0.212500
1 0.880833 0.091250 0.131667 0.157500
0 0.555000 0.037500 0.043333 0.060000
0 0.870000 0.217500 0.086667 0.130000
2 0.445833 0.278750 0.085000 0.052500
3 0.573333 0.453750 0.060000 0.047500
0 0.151667 0.233750 0.143333 0.262500
3 0.335000 0.587500 0.030000 0.070000
1 0.329167 0.502500 0.101667 0.290000
3 0.525833 0.742500 0.125000 0.080000
0 0.684167 0.232500 0.041667 0.065000
1 0.119167 0.785000 0.058333 0.115000
0 0.594167 0.332500 0.115000 0.210000
1 0.770000 0.198750 0.043333 0.067500
1 0.730000 0.467500 0.100000 0.220000
3 0.054167 0.120000 0.018333 0.035000
1 0.277500 0.403750 0.118333 0.212500
