3 0.496667 0.457500 0.120000 0.130000
1 0.578333 0.065000 0.086667 0.125000
0 0.675000 0.265000 0.143333 0.200000
3 0.636667 0.650000 0.076667 0.135000
0 0.795833 0.890000 0.091667 0.130000
3 0.736667 0.766250 0.030000 0.027500
0 0.190833 0.527500 0.041667 0.075000
1 0.460000 0.847500 0.106667 0.105000
2 0.875833 0.737500 0.035000 0.045000
0 0.743333 0.136250 0.123333 0.187500
2 0.357500 0.446250 0.095000 0.132500
0 0.619167 0.161250 0.068333 0.112500
2 0.499167 0.625000 0.121667 0.185000
1 0.305833 0.652500 0.061667 0.070000
0 0.324167 0.756250 0.141667 0.192500
3 0.070000 0.631250 0.060000 0.122500
3 0.894167 0.192500 0.021667 0.080000
2 0.186667 0.872500 0.030000 0.065000
2 0.355833 0.283750 0.045000 0.062500
3 0.645000 0.196250 0.050000 0.042500
2 0.773333 0.591250 0.080000 0.167500
0 0.266667 0.125000 0.126667 0.195000
1 0.639167 0.170000 0.048333 0.075000
2 0.185833 0.156250 0.058333 0.087500
0 0.804167 0.815000 0.101667 0.135000
2 0.259167 0.630000 0.021667 0.050000
1 0.452500 0.122500 0.111667 0.135000
1 0.785833 0.225000 0.088333 0.120000
