0 0.884167 0.540000 0.068333 0.115000
2 0.436667 0.655000 0.090000 0.155000
0 0.726667 0.370000 0.000000 0.065000
1 0.365833 0.446250 0.118333 0.167500
2 0.318333 0.536250 0.043333 0.037500
2 0.817500 0.851250 0.025000 0.072500
1 0.126667 0.343750 0.140000 0.182500
2 0.484167 0.533750 0.055000 0.157500
2 0.049167 0.826250 0.095000 0.227500
2 0.882500 0.640000 0.025000 0.055000
3 0.070000 0.281250 0.066667 0.097500
3 0.035000 0.101250 0.060000 0.132500
3 0.282500 0.312500 0.088333 0.135000
2 0.474167 0.197500 0.048333 0.050000
0 0.094167 0.852500 0.075000 0.100000
0 0.429167 0.316250 0.078333 0.142500
3 0.808333 0.696250 0.043333 0.057500
2 0.235000 0.775000 0.126667 0.120000
2 0.082500 0.206250 0.035000 0.107500
0 0.831667 0.065000 0.080000 0.115000
1 0.470833 0.843750 0.111667 0.142500
1 0.343333 0.075000 0.046667 0.055000
