0 0.330000 0.717500 0.120000 0.180000
3 0.510000 0.205000 0.036667 0.045000
0 0.266667 0.707500 0.123333 0.185000
0 0.275000 0.711250 0.096667 0.142500
3 0.784167 0.475000 0.078333 0.125000
2 0.321667 0.371250 0.126667 0.192500
0 0.807500 0.265000 0.085000 0.135000
2 0.125833 0.555000 0.118333 0.135000
3 0.487500 0.712500 0.068333 0.115000
1 0.300833 0.816250 0.058333 0.067500
3 0.378333 0.461250 0.200000 0.267500
1 0.468333 0.626250 0.053333 0.077500
2 0.862500 0.738750 0.028333 0.062500
2 0.844167 0.908750 0.048333 0.072500
0 0.149167 0.196250 0.081667 0.147500
1 0.640833 0.136250 0.071667 0.092500
3 0.735000 0.122500 0.026667 0.055000
2 0.856667 0.780000 0.066667 0.160000
3 0.398333 0.952500 0.036667 0.030000
0 0.804167 0.551250 0.125000 0.197500
0 0.424167 0.856250 0.095000 0.137500
0 0.788333 0.665000 0.056667 0.110000
2 0.877500 0.398750 0.088333 0.252500
3 0.499167 0.697500 0.125000 0.155000
0 0.670833 0.675000 0.145000 0.215000
2 0.183333 0.480000 0.063333 0.095000
2 0.333333 0.556250 0.073333 0.127500
3 0.249167 0.211250 0.128333 0.132500
1 0.535833 0.216250 0.145000 0.187500
0 0.526667 0.773750 0.156667 0.232500
