3 0.089167 0.827500 0.061667 0.110000
1 0.700833 0.490000 0.131667 0.110000
3 0.760833 0.527500 0.168333 0.170000
3 0.509167 0.490000 0.025000 0.045000
3 0.300833 0.156250 0.118333 0.157500
1 0.540000 0.205000 0.096667 0.165000
2 0.248333 0.647500 0.126667 0.175000
1 0.053333 0.380000 0.076667 0.140000
3 0.160833 0.375000 0.018333 0.035000
1 0.860833 0.495000 0.091667 0.100000
0 0.545000 0.318750 0.050000 0.067500
2 0.958333 0.500000 0.036667 0.055000
1 0.904167 0.198750 0.075000 0.127500
1 0.795000 0.491250 0.063333 0.122500
3 0.920000 0.145000 0.040000 0.060000
1 0.132500 0.921250 0.038333 0.057500
2 0.336667 0.668750 0.050000 0.187500
1 0.220833 0.552500 0.041667 0.060000
1 0.352500 0.430000 0.111667 0.140000
0 0.620000 0.153750 0.110000 0.172500
3 0.864167 0.462500 0.065000 0.080000
3 0.720833 0.553750 0.028333 0.077500
0 0.125833 0.517500 0.061667 0.090000
3 0.087500 0.697500 0.078333 0.050000
1 0.756667 0.408750 0.120000 0.157500
2 0.643333 0.175000 0.150000 0.120000
1 0.125000 0.326250 0.070000 0.097500
3 0.825000 0.262500 0.160000 0.170000
2 0.610000 0.048750 0.056667 0.082500
3 0.670000 0.663750 0.083333 0.127500
3 0.695833 0.348750 0.105000 0.112500
3 0.854167 0.327500 0.021667 0.065000
1 0.400000 0.476250 0.110000 0.147500
1 0.725833 0.260000 0.081667 0.165000
2 0.848333 0.721250 0.096667 0.087500
3 0.816667 0.736250 0.100000 0.107500
1 0.420833 0.195000 0.065000 0.065000
3 0.529167 0.070000 0.038333 0.105000
2 0.442500 0.630000 0.115000 0.140000
2 0.633333 0.687500 0.026667 0.040000
3 0.205833 0.638750 0.048333 0.047500
0 0.359167 0.527500 0.058333 0.085000
3 0.606667 0.827500 0.086667 0.115000
