2 0.310833 0.763750 0.125000 0.257500
0 0.097500 0.167500 0.151667 0.210000
2 0.840000 0.346250 0.116667 0.172500
1 0.062500 0.732500 0.118333 0.195000
0 0.247500 0.390000 0.115000 0.170000
2 0.959167 0.520000 0.051667 0.080000
2 0.610000 0.578750 0.093333 0.132500
0 0.499167 0.597500 0.108333 0.170000
1 0.083333 0.355000 0.133333 0.140000
2 0.119167 0.065000 0.041667 0.060000
3 0.505000 0.706250 0.080000 0.122500
3 0.500833 0.052500 0.025000 0.035000
0 0.717500 0.820000 0.148333 0.230000
3 0.682500 0.807500 0.051667 0.120000
1 0.340000 0.358750 0.106667 0.152500
2 0.670000 0.412500 0.036667 0.055000
1 0.181667 0.521250 0.150000 0.187500
2 0.413333 0.608750 0.060000 0.077500
3 0.775833 0.258750 0.035000 0.102500
2 0.782500 0.320000 0.081667 0.175000
1 0.644167 0.366250 0.068333 0.092500
1 0.862500 0.812500 0.085000 0.150000
1 0.504167 0.068750 0.065000 0.107500
3 0.531667 0.317500 0.080000 0.125000
