2 0.632500 0.787500 0.085000 0.085000
3 0.796667 0.151250 0.146667 0.212500
2 0.919167 0.195000 0.105000 0.115000
0 0.945833 0.476250 0.088333 0.142500
1 0.025000 0.488750 0.050000 0.072500
3 0.275833 0.355000 0.025000 0.025000
3 0.726667 0.481250 0.050000 0.157500
3 0.440833 0.615000 0.131667 0.110000
1 0.840000 0.368750 0.050000 0.057500
3 0.893333 0.560000 0.033333 0.085000
1 0.821667 0.863750 0.040000 0.067500
1 0.131667 0.148750 0.096667 0.122500
0 0.170833 0.411250 0.068333 0.102500
2 0.265833 0.402500 0.015000 0.075000
3 0.546667 0.181250 0.063333 0.202500
2 0.473333 0.865000 0.080000 0.130000
1 0.760000 0.060000 0.076667 0.090000
1 0.306667 0.536250 0.083333 0.082500
3 0.429167 0.847500 0.075000 0.070000
3 0.103333 0.197500 0.076667 0.155000
3 0.330833 0.190000 0.038333 0.045000
0 0.734167 0.205000 0.168333 0.250000
0 0.647500 0.477500 0.158333 0.265000
0 0.822500 0.178750 0.075000 0.087500
3 0.215833 0.821250 0.075000 0.182500
3 0.631667 0.423750 0.020000 0.042500
0 0.737500 0.670000 0.041667 0.055000
3 0.866667 0.702500 0.086667 0.110000
2 0.254167 0.858750 0.065000 0.077500
1 0.383333 0.838750 0.036667 0.082500
2 0.109167 0.368750 0.058333 0.087500
3 0.050000 0.198750 0.050000 0.057500
0 0.469167 0.337500 0.061667 0.105000
2 0.577500 0.520000 0.145000 0.195000
1 0.786667 0.417500 0.133333 0.210000
1 0.365000 0.707500 0.080000 0.110000
2 0.691667 0.443750 0.100000 0.142500
1 0.863333 0.236250 0.060000 0.067500
1 0.273333 0.831250 0.120000 0.142500
0 0.360000 0.420000 0.110000 0.170000
1 0.561667 0.490000 0.056667 0.075000
