3 0.561667 0.875000 0.076667 0.095000
0 0.887500 0.575000 0.091667 0.145000
2 0.421667 0.900000 0.073333 0.140000
0 0.152500 0.601250 0.108333 0.217500
1 0.310000 0.712500 0.123333 0.195000
0 0.464167 0.863750 0.108333 0.182500
3 0.140000 0.638750 0.116667 0.267500
3 0.666667 0.090000 0.046667 0.045000
1 0.372500 0.178750 0.061667 0.067500
1 0.706667 0.283750 0.033333 0.047500
3 0.353333 0.260000 0.046667 0.095000
2 0.437500 0.140000 0.081667 0.100000
1 0.377500 0.570000 0.078333 0.135000
2 0.150000 0.762500 0.053333 0.065000
2 0.456667 0.175000 0.040000 0.090000
2 0.566667 0.523750 0.176667 0.232500
3 0.784167 0.473750 0.051667 0.082500
0 0.437500 0.691250 0.131667 0.197500
2 0.137500 0.070000 0.055000 0.060000
3 0.879167 0.573750 0.115000 0.127500
0 0.146667 0.828750 0.100000 0.152500
3 0.717500 0.427500 0.071667 0.095000
2 0.176667 0.278750 0.056667 0.127500
2 0.056667 0.467500 0.036667 0.080000
3 0.850000 0.780000 0.026667 0.065000
1 0.464167 0.817500 0.035000 0.040000
1 0.397500 0.388750 0.041667 0.047500
1 0.240000 0.450000 0.076667 0.105000
1 0.813333 0.347500 0.100000 0.175000
3 0.153333 0.498750 0.060000 0.077500
0 0.594167 0.116250 0.058333 0.112500
3 0.034167 0.038750 0.048333 0.037500
3 0.319167 0.313750 0.125000 0.182500
0 0.316667 0.313750 0.123333 0.147500
2 0.552500 0.890000 0.035000 0.090000
0 0.710833 0.452500 0.055000 0.090000
2 0.262500 0.490000 0.061667 0.095000
0 0.658333 0.848750 0.043333 0.062500
1 0.730833 0.083750 0.051667 0.077500
1 0.849167 0.553750 0.051667 0.062500
