2 0.086667 0.616250 0.036667 0.037500
1 0.512500 0.850000 0.108333 0.145000
1 0.460000 0.860000 0.080000 0.115000
0 0.740833 0.838750 0.035000 0.052500
3 0.395000 0.600000 0.040000 0.040000
0 0.708333 0.381250 0.090000 0.157500
0 0.609167 0.595000 0.148333 0.220000
3 0.461667 0.608750 0.076667 0.072500
2 0.382500 0.285000 0.105000 0.225000
0 0.670000 0.630000 0.136667 0.165000
0 0.059167 0.438750 0.101667 0.172500
1 0.512500 0.387500 0.061667 0.095000
0 0.556667 0.545000 0.100000 0.150000
1 0.446667 0.536250 0.043333 0.057500
3 0.195000 0.917500 0.026667 0.035000
1 0.069167 0.422500 0.125000 0.195000
1 0.077500 0.738750 0.005000 0.002500
2 0.600833 0.873750 0.098333 0.127500
1 0.864167 0.230000 0.078333 0.175000
2 0.216667 0.307500 0.080000 0.105000
3 0.862500 0.468750 0.071667 0.037500
3 0.356667 0.206250 0.096667 0.077500
2 0.416667 0.298750 0.063333 0.147500
2 0.911667 0.860000 0.146667 0.210000
3 0.415000 0.785000 0.066667 0.080000
1 0.770000 0.352500 0.100000 0.160000
3 0.716667 0.530000 0.073333 0.160000
2 0.875833 0.532500 0.021667 0.085000
1 0.181667 0.623750 0.150000 0.182500
2 0.523333 0.597500 0.143333 0.140000
1 0.270833 0.761250 0.121667 0.182500
1 0.467500 0.692500 0.151667 0.195000
0 0.241667 0.367500 0.110000 0.175000
2 0.754167 0.487500 0.045000 0.080000
2 0.326667 0.825000 0.070000 0.115000
2 0.387500 0.200000 0.058333 0.045000
0 0.875833 0.726250 0.095000 0.187500
2 0.078333 0.207500 0.146667 0.195000
1 0.692500 0.205000 0.061667 0.105000
3 0.135833 0.532500 0.051667 0.090000
