2 0.384167 0.930000 0.051667 0.095000
1 0.213333 0.623750 0.093333 0.142500
2 0.617500 0.242500 0.065000 0.060000
2 0.389167 0.433750 0.051667 0.082500
1 0.058333 0.093750 0.103333 0.152500
0 0.383333 0.403750 0.153333 0.217500
0 0.419167 0.271250 0.221667 0.262500
1 0.700000 0.295000 0.040000 0.065000
3 0.569167 0.250000 0.035000 0.060000
3 0.500000 0.150000 0.120000 0.150000
3 0.909167 0.075000 0.105000 0.085000
2 0.266667 0.116250 0.036667 0.057500
3 0.510000 0.628750 0.233333 0.232500
0 0.509167 0.272500 0.145000 0.225000
3 0.128333 0.275000 0.053333 0.090000
1 0.043333 0.476250 0.086667 0.107500
2 0.402500 0.562500 0.101667 0.200000
2 0.428333 0.311250 0.116667 0.147500
0 0.060833 0.423750 0.101667 0.177500
0 0.938333 0.701250 0.110000 0.137500
1 0.698333 0.187500 0.083333 0.170000
1 0.793333 0.297500 0.106667 0.135000
0 0.483333 0.191250 0.196667 0.232500
3 0.796667 0.756250 0.120000 0.182500
0 0.870000 0.702500 0.033333 0.040000
0 0.803333 0.881250 0.053333 0.082500
3 0.220833 0.295000 0.125000 0.105000
2 0.396667 0.183750 0.056667 0.097500
2 0.403333 0.572500 0.003333 0.220000
