0 0.357500 0.140000 0.181667 0.270000
0 0.624167 0.650000 0.051667 0.080000
0 0.846667 0.553750 0.146667 0.222500
2 0.957500 0.566250 0.028333 0.057500
3 0.175000 0.158750 0.110000 0.097500
1 0.855833 0.908750 0.031667 0.042500
0 0.866667 0.151250 0.103333 0.147500
1 0.206667 0.341250 0.070000 0.132500
1 0.349167 0.186250 0.108333 0.217500
0 0.742500 0.701250 0.065000 0.097500
1 0.880833 0.223750 0.121667 0.217500
3 0.175000 0.680000 0.066667 0.115000
0 0.118333 0.732500 0.120000 0.185000
3 0.656667 0.121250 0.050000 0.097500
1 0.080000 0.756250 0.140000 0.182500
0 0.665000 0.195000 0.046667 0.070000
0 0.779167 0.402500 0.161667 0.275000
0 0.469167 0.098750 0.161667 0.187500
0 0.085833 0.928750 0.078333 0.092500
2 0.325000 0.127500 0.106667 0.110000
3 0.141667 0.571250 0.083333 0.072500
2 0.340833 0.130000 0.068333 0.070000
1 0.954167 0.307500 0.048333 0.095000
0 0.591667 0.572500 0.046667 0.085000
2 0.569167 0.802500 0.105000 0.170000
0 0.221667 0.725000 0.103333 0.155000
3 0.160000 0.282500 0.016667 0.055000
2 0.497500 0.806250 0.031667 0.057500
0 0.378333 0.702500 0.153333 0.240000
3 0.655833 0.602500 0.121667 0.105000
2 0.650000 0.848750 0.116667 0.142500
1 0.078333 0.641250 0.106667 0.157500
1 0.113333 0.520000 0.113333 0.100000
3 0.824167 0.500000 0.048333 0.075000
0 0.115000 0.753750 0.076667 0.122500
0 0.819167 0.080000 0.051667 0.080000
2 0.160000 0.673750 0.110000 0.197500
0 0.404167 0.418750 0.105000 0.122500
0 0.527500 0.140000 0.075000 0.115000
0 0.741667 0.447500 0.073333 0.090000
2 0.500000 0.112500 0.080000 0.070000
2 0.687500 0.150000 0.065000 0.080000
