1 0.103333 0.713750 0.113333 0.197500
2 0.413333 0.617500 0.170000 0.180000
0 0.635000 0.362500 0.170000 0.255000
3 0.177500 0.366250 0.055000 0.102500
3 0.342500 0.301250 0.125000 0.162500
0 0.166667 0.101250 0.160000 0.197500
3 0.419167 0.243750 0.041667 0.037500
2 0.773333 0.851250 0.080000 0.127500
3 0.303333 0.845000 0.106667 0.125000
0 0.635833 0.636250 0.058333 0.087500
1 0.495833 0.706250 0.045000 0.052500
3 0.296667 0.641250 0.040000 0.072500
2 0.115000 0.173750 0.046667 0.122500
1 0.426667 0.495000 0.066667 0.135000
1 0.940833 0.596250 0.058333 0.072500
2 0.738333 0.136250 0.120000 0.172500
3 0.314167 0.468750 0.038333 0.077500
2 0.378333 0.616250 0.130000 0.207500
3 0.215833 0.330000 0.065000 0.060000
3 0.195000 0.415000 0.086667 0.165000
0 0.329167 0.776250 0.131667 0.177500
3 0.643333 0.408750 0.043333 0.077500
1 0.887500 0.386250 0.081667 0.117500
2 0.052500 0.585000 0.078333 0.225000
3 0.581667 0.242500 0.113333 0.125000
2 0.880833 0.853750 0.118333 0.177500
3 0.085000 0.873750 0.083333 0.092500
1 0.789167 0.287500 0.075000 0.130000
0 0.585833 0.495000 0.161667 0.195000
0 0.533333 0.523750 0.200000 0.277500
2 0.876667 0.311250 0.090000 0.127500
0 0.021667 0.837500 0.043333 0.065000
2 0.116667 0.116250 0.133333 0.182500
1 0.820000 0.678750 0.103333 0.192500
0 0.706667 0.627500 0.160000 0.240000
1 0.545833 0.126250 0.138333 0.177500
2 0.471667 0.797500 0.086667 0.130000
2 0.845833 0.173750 0.095000 0.092500
0 0.295000 0.786250 0.036667 0.047500
3 0.090833 0.286250 0.131667 0.117500
3 0.454167 0.876250 0.068333 0.112500
0 0.751667 0.490000 0.230000 0.315000
2 0.097500 0.522500 0.131667 0.185000
2 0.375833 0.608750 0.105000 0.122500
3 0.807500 0.306250 0.125000 0.147500
