1 0.839167 0.730000 0.021667 0.045000
3 0.823333 0.305000 0.046667 0.070000
1 0.632500 0.296250 0.048333 0.082500
0 0.662500 0.235000 0.058333 0.095000
0 0.500833 0.592500 0.095000 0.165000
1 0.830000 0.698750 0.040000 0.067500
1 0.048333 0.751250 0.046667 0.067500
1 0.180833 0.133750 0.155000 0.172500
2 0.075000 0.591250 0.133333 0.187500
0 0.398333 0.112500 0.093333 0.135000
3 0.572500 0.431250 0.191667 0.202500
2 0.925833 0.877500 0.068333 0.100000
2 0.733333 0.752500 0.123333 0.195000
2 0.103333 0.375000 0.050000 0.175000
