2 0.075000 0.476250 0.100000 0.112500
1 0.696667 0.260000 0.046667 0.050000
0 0.836667 0.868750 0.033333 0.052500
3 0.104167 0.886250 0.021667 0.047500
1 0.129167 0.555000 0.121667 0.180000
3 0.428333 0.721250 0.066667 0.197500
3 0.535833 0.345000 0.065000 0.120000
1 0.726667 0.091250 0.053333 0.077500
3 0.799167 0.251250 0.025000 0.052500
2 0.448333 0.060000 0.056667 0.090000
2 0.487500 0.903750 0.031667 0.047500
0 0.130000 0.575000 0.140000 0.180000
1 0.096667 0.580000 0.106667 0.130000
2 0.791667 0.175000 0.076667 0.060000
0 0.176667 0.475000 0.106667 0.160000
3 0.417500 0.766250 0.065000 0.172500
3 0.711667 0.161250 0.123333 0.092500
3 0.060000 0.596250 0.073333 0.122500
2 0.752500 0.392500 0.095000 0.165000
0 0.674167 0.513750 0.095000 0.142500
0 0.445833 0.450000 0.085000 0.105000
0 0.440000 0.430000 0.116667 0.165000
3 0.739167 0.330000 0.091667 0.105000
1 0.565833 0.695000 0.048333 0.070000
1 0.261667 0.877500 0.040000 0.085000
3 0.344167 0.892500 0.031667 0.065000
