0 0.365833 0.136250 0.108333 0.172500
0 0.708333 0.591250 0.120000 0.207500
0 0.528333 0.533750 0.123333 0.202500
0 0.697500 0.407500 0.068333 0.080000
3 0.676667 0.150000 0.093333 0.080000
0 0.108333 0.808750 0.100000 0.152500
1 0.316667 0.365000 0.183333 0.220000
1 0.470833 0.841250 0.081667 0.157500
2 0.606667 0.616250 0.126667 0.132500
1 0.865833 0.406250 0.045000 0.092500
3 0.733333 0.683750 0.070000 0.082500
1 0.303333 0.373750 0.056667 0.102500
1 0.944167 0.713750 0.068333 0.072500
2 0.535833 0.753750 0.065000 0.097500
