0 0.599167 0.436250 0.038333 0.067500
3 0.204167 0.218750 0.071667 0.127500
3 0.459167 0.798750 0.135000 0.152500
2 0.210833 0.781250 0.141667 0.172500
1 0.814167 0.140000 0.098333 0.125000
3 0.175000 0.821250 0.086667 0.087500
2 0.508333 0.551250 0.066667 0.072500
0 0.763333 0.427500 0.060000 0.085000
1 0.303333 0.418750 0.086667 0.147500
0 0.343333 0.333750 0.076667 0.102500
3 0.204167 0.797500 0.045000 0.040000
0 0.611667 0.578750 0.086667 0.152500
0 0.337500 0.163750 0.031667 0.052500
0 0.222500 0.153750 0.151667 0.242500
2 0.047500 0.697500 0.078333 0.205000
2 0.291667 0.740000 0.040000 0.120000
1 0.850000 0.282500 0.060000 0.095000
2 0.689167 0.460000 0.048333 0.060000
0 0.594167 0.125000 0.128333 0.205000
2 0.863333 0.751250 0.080000 0.097500
3 0.470833 0.893750 0.028333 0.087500
2 0.553333 0.500000 0.110000 0.160000
2 0.156667 0.217500 0.090000 0.085000
2 0.751667 0.788750 0.050000 0.067500
3 0.351667 0.431250 0.070000 0.112500
3 0.100833 0.253750 0.125000 0.162500
1 0.827500 0.365000 0.121667 0.210000
2 0.515833 0.537500 0.101667 0.140000
1 0.294167 0.593750 0.145000 0.187500
1 0.379167 0.591250 0.075000 0.097500
3 0.186667 0.563750 0.030000 0.027500
1 0.177500 0.898750 0.045000 0.047500
2 0.135000 0.852500 0.096667 0.185000
1 0.772500 0.712500 0.078333 0.130000
0 0.727500 0.065000 0.055000 0.070000
