1 0.759167 0.706250 0.068333 0.072500
3 0.871667 0.171250 0.116667 0.082500
2 0.714167 0.431250 0.065000 0.092500
0 0.616667 0.182500 0.120000 0.180000
2 0.522500 0.121250 0.135000 0.162500
3 0.056667 0.257500 0.023333 0.055000
3 0.870000 0.703750 0.093333 0.132500
3 0.914167 0.551250 0.085000 0.102500
2 0.096667 0.212500 0.093333 0.085000
3 0.220000 0.287500 0.096667 0.100000
3 0.400833 0.135000 0.075000 0.085000
2 0.180833 0.096250 0.041667 0.067500
0 0.168333 0.826250 0.110000 0.217500
3 0.565000 0.258750 0.200000 0.292500
2 0.250000 0.201250 0.133333 0.157500
1 0.626667 0.383750 0.133333 0.172500
0 0.731667 0.607500 0.063333 0.090000
1 0.879167 0.280000 0.051667 0.105000
0 0.090833 0.336250 0.141667 0.217500
0 0.125833 0.803750 0.081667 0.117500
1 0.280000 0.132500 0.046667 0.075000
0 0.963333 0.528750 0.053333 0.082500
3 0.897500 0.815000 0.071667 0.105000
3 0.139167 0.743750 0.098333 0.162500
1 0.760833 0.632500 0.118333 0.150000
2 0.539167 0.777500 0.065000 0.190000
0 0.829167 0.206250 0.045000 0.067500
1 0.865000 0.578750 0.070000 0.132500
2 0.908333 0.288750 0.103333 0.152500
1 0.511667 0.331250 0.063333 0.067500
0 0.497500 0.412500 0.075000 0.090000
3 0.479167 0.818750 0.078333 0.072500
0 0.477500 0.735000 0.058333 0.095000
0 0.509167 0.560000 0.121667 0.180000
0 0.525833 0.105000 0.048333 0.080000
1 0.360000 0.312500 0.053333 0.105000
1 0.766667 0.061250 0.046667 0.067500
0 0.220833 0.715000 0.161667 0.240000
2 0.309167 0.317500 0.108333 0.220000
1 0.275833 0.632500 0.101667 0.140000
0 0.487500 0.698750 0.111667 0.127500
