2 0.356667 0.083750 0.086667 0.132500
3 0.939167 0.065000 0.051667 0.070000
3 0.897500 0.083750 0.031667 0.052500
0 0.780000 0.781250 0.046667 0.057500
1 0.435833 0.526250 0.075000 0.132500
1 0.312500 0.806250 0.141667 0.167500
3 0.363333 0.142500 0.060000 0.145000
0 0.195833 0.097500 0.045000 0.050000
1 0.046667 0.683750 0.046667 0.057500
2 0.463333 0.436250 0.126667 0.167500
0 0.447500 0.075000 0.041667 0.065000
1 0.425000 0.491250 0.056667 0.132500
1 0.150833 0.503750 0.041667 0.087500
3 0.857500 0.142500 0.035000 0.040000
0 0.632500 0.636250 0.105000 0.167500
