1 0.585000 0.652500 0.083333 0.125000
1 0.720833 0.448750 0.131667 0.152500
0 0.169167 0.422500 0.151667 0.210000
0 0.465833 0.300000 0.081667 0.120000
0 0.394167 0.795000 0.121667 0.190000
3 0.631667 0.380000 0.126667 0.105000
1 0.397500 0.275000 0.051667 0.075000
0 0.180833 0.086250 0.048333 0.072500
2 0.100000 0.710000 0.110000 0.155000
2 0.195833 0.607500 0.111667 0.135000
3 0.319167 0.391250 0.031667 0.067500
3 0.224167 0.768750 0.068333 0.162500
2 0.564167 0.207500 0.095000 0.145000
3 0.592500 0.807500 0.075000 0.130000
0 0.738333 0.253750 0.146667 0.247500
3 0.669167 0.322500 0.111667 0.175000
2 0.293333 0.056250 0.046667 0.052500
2 0.248333 0.486250 0.060000 0.142500
3 0.882500 0.751250 0.018333 0.062500
1 0.762500 0.848750 0.055000 0.067500
3 0.469167 0.298750 0.078333 0.077500
1 0.922500 0.882500 0.048333 0.070000
0 0.218333 0.726250 0.156667 0.227500
1 0.588333 0.661250 0.066667 0.152500
0 0.126667 0.343750 0.146667 0.177500
3 0.779167 0.400000 0.065000 0.050000
3 0.307500 0.503750 0.025000 0.062500
1 0.725000 0.327500 0.106667 0.190000
3 0.483333 0.855000 0.033333 0.100000
2 0.615833 0.141250 0.071667 0.087500
0 0.975000 0.573750 0.046667 0.067500
2 0.399167 0.910000 0.075000 0.110000
0 0.522500 0.203750 0.125000 0.182500
2 0.335833 0.093750 0.058333 0.107500
0 0.721667 0.863750 0.050000 0.077500
0 0.180833 0.426250 0.095000 0.152500
0 0.046667 0.542500 0.050000 0.075000
1 0.249167 0.205000 0.121667 0.205000
