2 0.266667 0.360000 0.090000 0.100000
2 0.780000 0.618750 0.003333 0.137500
2 0.189167 0.360000 0.058333 0.070000
3 0.265000 0.756250 0.056667 0.117500
0 0.609167 0.541250 0.058333 0.072500
0 0.168333 0.886250 0.080000 0.132500
2 0.384167 0.130000 0.148333 0.180000
0 0.604167 0.120000 0.051667 0.085000
2 0.414167 0.308750 0.095000 0.087500
3 0.560833 0.412500 0.015000 0.060000
3 0.700000 0.316250 0.106667 0.077500
1 0.731667 0.430000 0.066667 0.120000
0 0.475000 0.406250 0.070000 0.102500
0 0.891667 0.497500 0.093333 0.150000
3 0.476667 0.283750 0.116667 0.082500
1 0.097500 0.820000 0.081667 0.200000
0 0.100000 0.841250 0.123333 0.192500
2 0.504167 0.358750 0.111667 0.107500
2 0.839167 0.458750 0.075000 0.062500
0 0.939167 0.420000 0.098333 0.190000
0 0.527500 0.301250 0.095000 0.117500
2 0.295000 0.415000 0.096667 0.100000
1 0.702500 0.363750 0.108333 0.157500
3 0.512500 0.747500 0.041667 0.105000
2 0.215000 0.288750 0.100000 0.182500
2 0.430000 0.320000 0.126667 0.185000
2 0.237500 0.153750 0.028333 0.042500
0 0.181667 0.273750 0.086667 0.132500
1 0.238333 0.047500 0.050000 0.090000
3 0.725000 0.218750 0.060000 0.047500
0 0.355833 0.580000 0.068333 0.100000
0 0.967500 0.706250 0.041667 0.052500
0 0.468333 0.812500 0.076667 0.185000
2 0.262500 0.546250 0.108333 0.087500
1 0.460833 0.440000 0.105000 0.120000
2 0.802500 0.428750 0.081667 0.077500
3 0.143333 0.087500 0.053333 0.125000
2 0.569167 0.271250 0.155000 0.232500
2 0.787500 0.376250 0.151667 0.192500
0 0.824167 0.908750 0.065000 0.087500
3 0.056667 0.513750 0.066667 0.067500
0 0.498333 0.686250 0.053333 0.102500
0 0.395000 0.285000 0.053333 0.060000
3 0.896667 0.732500 0.060000 0.055000
0 0.850000 0.342500 0.160000 0.230000
2 0.820000 0.245000 0.150000 0.215000
