3 0.684167 0.345000 0.125000 0.095000
3 0.202500 0.252500 0.071667 0.155000
2 0.295833 0.532500 0.131667 0.215000
0 0.682500 0.718750 0.075000 0.167500
3 0.733333 0.811250 0.033333 0.027500
0 0.495833 0.492500 0.118333 0.165000
2 0.417500 0.686250 0.038333 0.062500
0 0.699167 0.346250 0.058333 0.082500
1 0.449167 0.552500 0.068333 0.145000
3 0.035000 0.777500 0.053333 0.040000
0 0.940000 0.322500 0.086667 0.135000
2 0.636667 0.715000 0.143333 0.175000
2 0.796667 0.116250 0.116667 0.202500
1 0.620000 0.108750 0.090000 0.117500
3 0.703333 0.405000 0.133333 0.130000
1 0.681667 0.231250 0.106667 0.132500
2 0.625000 0.145000 0.116667 0.145000
0 0.895833 0.246250 0.038333 0.067500
2 0.462500 0.265000 0.098333 0.160000
3 0.225833 0.210000 0.115000 0.120000
2 0.444167 0.215000 0.095000 0.130000
0 0.840000 0.760000 0.080000 0.160000
3 0.141667 0.137500 0.096667 0.195000
1 0.418333 0.443750 0.046667 0.092500
1 0.270833 0.105000 0.125000 0.155000
0 0.707500 0.703750 0.155000 0.182500
2 0.243333 0.832500 0.046667 0.070000
3 0.311667 0.720000 0.053333 0.090000
3 0.418333 0.391250 0.033333 0.037500
1 0.822500 0.823750 0.065000 0.132500
3 0.627500 0.371250 0.128333 0.092500
3 0.605833 0.165000 0.071667 0.065000
