3 0.730833 0.738750 0.048333 0.137500
1 0.860833 0.605000 0.078333 0.140000
0 0.232500 0.822500 0.158333 0.220000
0 0.733333 0.186250 0.066667 0.077500
0 0.650833 0.347500 0.081667 0.125000
2 0.493333 0.362500 0.116667 0.135000
0 0.268333 0.668750 0.030000 0.047500
3 0.480000 0.680000 0.076667 0.155000
3 0.150000 0.060000 0.116667 0.110000
0 0.910833 0.756250 0.035000 0.042500
1 0.738333 0.211250 0.146667 0.167500
2 0.060833 0.336250 0.005000 0.217500
0 0.885833 0.583750 0.038333 0.067500
3 0.074167 0.625000 0.108333 0.145000
0 0.853333 0.368750 0.066667 0.092500
3 0.061667 0.356250 0.096667 0.157500
1 0.850000 0.108750 0.116667 0.132500
0 0.575000 0.787500 0.183333 0.265000
2 0.692500 0.608750 0.165000 0.252500
3 0.333333 0.215000 0.093333 0.090000
0 0.120000 0.120000 0.090000 0.135000
3 0.686667 0.873750 0.053333 0.052500
3 0.127500 0.523750 0.071667 0.077500
0 0.250833 0.803750 0.095000 0.152500
2 0.420833 0.736250 0.068333 0.252500
3 0.800833 0.277500 0.118333 0.135000
1 0.152500 0.310000 0.051667 0.080000
3 0.946667 0.238750 0.060000 0.072500
1 0.918333 0.627500 0.040000 0.065000
