0 0.161667 0.181250 0.120000 0.177500
3 0.451667 0.492500 0.100000 0.125000
0 0.646667 0.122500 0.093333 0.160000
0 0.065000 0.912500 0.123333 0.155000
3 0.915833 0.477500 0.038333 0.115000
2 0.024167 0.737500 0.035000 0.045000
3 0.605833 0.156250 0.075000 0.162500
0 0.776667 0.458750 0.120000 0.172500
0 0.783333 0.552500 0.076667 0.145000
0 0.809167 0.695000 0.145000 0.245000
0 0.473333 0.087500 0.060000 0.150000
0 0.880833 0.067500 0.105000 0.135000
2 0.647500 0.293750 0.071667 0.122500
0 0.640000 0.425000 0.136667 0.235000
1 0.144167 0.117500 0.131667 0.170000
0 0.607500 0.206250 0.168333 0.247500
3 0.903333 0.788750 0.116667 0.127500
3 0.775833 0.188750 0.128333 0.137500
3 0.920833 0.493750 0.098333 0.167500
3 0.206667 0.336250 0.126667 0.142500
3 0.085000 0.852500 0.026667 0.025000
1 0.223333 0.347500 0.063333 0.140000
1 0.797500 0.812500 0.031667 0.060000
1 0.381667 0.580000 0.050000 0.130000
3 0.784167 0.632500 0.085000 0.050000
0 0.520000 0.376250 0.153333 0.232500
3 0.710833 0.343750 0.048333 0.047500
0 0.687500 0.503750 0.115000 0.177500
0 0.663333 0.031250 0.033333 0.052500
1 0.242500 0.137500 0.125000 0.140000
3 0.259167 0.387500 0.025000 0.050000
2 0.650833 0.728750 0.091667 0.127500
2 0.361667 0.811250 0.070000 0.102500
1 0.216667 0.165000 0.100000 0.185000
3 0.260833 0.725000 0.041667 0.050000
0 0.702500 0.773750 0.125000 0.207500
3 0.349167 0.231250 0.038333 0.052500
