1 0.283333 0.300000 0.096667 0.130000
1 0.164167 0.955000 0.031667 0.040000
3 0.349167 0.133750 0.055000 0.047500
0 0.287500 0.618750 0.098333 0.167500
3 0.713333 0.072500 0.043333 0.040000
1 0.576667 0.115000 0.086667 0.145000
0 0.345833 0.725000 0.128333 0.190000
2 0.173333 0.681250 0.090000 0.122500
1 0.217500 0.868750 0.038333 0.067500
1 0.524167 0.426250 0.031667 0.062500
0 0.351667 0.185000 0.076667 0.135000
1 0.763333 0.566250 0.030000 0.062500
2 0.515000 0.336250 0.133333 0.127500
0 0.392500 0.692500 0.085000 0.125000
0 0.810833 0.308750 0.058333 0.087500
3 0.087500 0.145000 0.068333 0.085000
2 0.680000 0.277500 0.103333 0.230000
0 0.125000 0.277500 0.103333 0.185000
2 0.510833 0.497500 0.071667 0.075000
2 0.458333 0.726250 0.110000 0.177500
2 0.544167 0.931250 0.055000 0.077500
0 0.780833 0.711250 0.115000 0.202500
1 0.772500 0.865000 0.058333 0.085000
0 0.326667 0.255000 0.133333 0.195000
0 0.705000 0.636250 0.103333 0.157500
2 0.323333 0.492500 0.040000 0.055000
0 0.934167 0.288750 0.061667 0.097500
1 0.450000 0.713750 0.043333 0.042500
0 0.818333 0.161250 0.063333 0.087500
3 0.648333 0.602500 0.090000 0.120000
0 0.080000 0.572500 0.060000 0.080000
2 0.557500 0.745000 0.035000 0.065000
2 0.869167 0.583750 0.078333 0.162500
2 0.110000 0.837500 0.083333 0.140000
3 0.023333 0.885000 0.030000 0.040000
1 0.534167 0.580000 0.081667 0.140000
1 0.259167 0.507500 0.101667 0.150000
2 0.190000 0.722500 0.043333 0.065000
1 0.927500 0.251250 0.085000 0.107500
3 0.660000 0.441250 0.016667 0.057500
1 0.751667 0.065000 0.076667 0.120000
1 0.406667 0.222500 0.063333 0.090000
