2 0.875000 0.665000 0.026667 0.075000
1 0.659167 0.822500 0.068333 0.160000
0 0.812500 0.410000 0.148333 0.225000
3 0.825000 0.690000 0.103333 0.150000
2 0.126667 0.438750 0.053333 0.112500
1 0.590833 0.537500 0.088333 0.100000
3 0.075000 0.476250 0.100000 0.142500
3 0.180000 0.807500 0.130000 0.150000
3 0.647500 0.397500 0.115000 0.155000
2 0.638333 0.663750 0.130000 0.177500
2 0.150000 0.283750 0.100000 0.147500
2 0.667500 0.711250 0.075000 0.092500
1 0.525833 0.380000 0.041667 0.045000
3 0.124167 0.568750 0.075000 0.172500
3 0.555000 0.697500 0.053333 0.145000
3 0.298333 0.537500 0.036667 0.035000
0 0.464167 0.733750 0.068333 0.112500
2 0.078333 0.685000 0.056667 0.170000
3 0.076667 0.755000 0.106667 0.090000
1 0.484167 0.161250 0.035000 0.082500
2 0.805833 0.381250 0.085000 0.217500
1 0.400000 0.138750 0.060000 0.067500
3 0.615000 0.512500 0.043333 0.105000
