0 0.039167 0.740000 0.075000 0.120000
1 0.405833 0.156250 0.081667 0.102500
3 0.370000 0.373750 0.073333 0.162500
1 0.345000 0.746250 0.076667 0.097500
2 0.501667 0.836250 0.040000 0.077500
3 0.861667 0.341250 0.126667 0.177500
1 0.331667 0.122500 0.033333 0.060000
1 0.293333 0.416250 0.036667 0.052500
3 0.750833 0.863750 0.055000 0.082500
0 0.463333 0.690000 0.033333 0.040000
2 0.713333 0.670000 0.003333 0.210000
0 0.162500 0.345000 0.125000 0.185000
0 0.484167 0.558750 0.115000 0.237500
0 0.208333 0.182500 0.153333 0.175000
3 0.314167 0.453750 0.031667 0.027500
2 0.765833 0.400000 0.145000 0.140000
2 0.496667 0.453750 0.066667 0.107500
0 0.111667 0.337500 0.093333 0.155000
