2 0.896667 0.690000 0.096667 0.145000
1 0.348333 0.172500 0.083333 0.175000
2 0.596667 0.441250 0.033333 0.032500
2 0.846667 0.672500 0.080000 0.070000
0 0.786667 0.708750 0.040000 0.057500
2 0.594167 0.636250 0.091667 0.147500
1 0.233333 0.645000 0.113333 0.215000
3 0.045833 0.452500 0.058333 0.095000
3 0.512500 0.696250 0.105000 0.062500
0 0.227500 0.958750 0.041667 0.062500
3 0.866667 0.496250 0.073333 0.087500
0 0.708333 0.856250 0.123333 0.182500
0 0.449167 0.287500 0.058333 0.095000
3 0.306667 0.018750 0.030000 0.017500
3 0.145000 0.192500 0.036667 0.075000
0 0.168333 0.253750 0.096667 0.142500
2 0.170000 0.317500 0.100000 0.115000
1 0.795000 0.270000 0.076667 0.145000
3 0.599167 0.480000 0.065000 0.080000
3 0.475000 0.482500 0.203333 0.300000
1 0.197500 0.670000 0.135000 0.165000
0 0.887500 0.687500 0.078333 0.115000
