0 0.345833 0.346250 0.075000 0.092500
3 0.582500 0.247500 0.061667 0.100000
3 0.640000 0.748750 0.030000 0.042500
3 0.077500 0.555000 0.065000 0.100000
3 0.772500 0.618750 0.065000 0.112500
0 0.840833 0.280000 0.068333 0.085000
2 0.363333 0.146250 0.130000 0.122500
2 0.785000 0.665000 0.170000 0.195000
1 0.661667 0.480000 0.056667 0.060000
1 0.193333 0.073750 0.093333 0.142500
0 0.545000 0.268750 0.160000 0.222500
3 0.648333 0.135000 0.073333 0.145000
1 0.622500 0.072500 0.048333 0.060000
3 0.232500 0.652500 0.178333 0.150000
3 0.084167 0.853750 0.051667 0.092500
1 0.820833 0.681250 0.041667 0.042500
2 0.265000 0.122500 0.136667 0.220000
1 0.161667 0.506250 0.110000 0.147500
3 0.448333 0.142500 0.040000 0.040000
1 0.690833 0.242500 0.155000 0.200000
3 0.534167 0.462500 0.045000 0.050000
2 0.872500 0.522500 0.128333 0.130000
3 0.067500 0.377500 0.021667 0.075000
2 0.889167 0.105000 0.045000 0.065000
0 0.614167 0.230000 0.061667 0.095000
1 0.868333 0.318750 0.153333 0.197500
2 0.417500 0.122500 0.035000 0.055000
1 0.698333 0.218750 0.083333 0.122500
1 0.116667 0.627500 0.016667 0.045000
2 0.784167 0.242500 0.131667 0.240000
2 0.922500 0.123750 0.098333 0.142500
2 0.754167 0.857500 0.115000 0.185000
2 0.713333 0.288750 0.070000 0.187500
2 0.220833 0.737500 0.021667 0.080000
3 0.149167 0.898750 0.105000 0.112500
3 0.130000 0.505000 0.076667 0.110000
1 0.700833 0.796250 0.108333 0.162500
3 0.135833 0.040000 0.045000 0.075000
