0 0.089167 0.162500 0.165000 0.240000
3 0.523333 0.267500 0.163333 0.165000
2 0.541667 0.700000 0.123333 0.190000
2 0.937500 0.765000 0.028333 0.035000
1 0.166667 0.578750 0.150000 0.162500
2 0.864167 0.315000 0.151667 0.190000
3 0.530833 0.378750 0.121667 0.097500
2 0.206667 0.060000 0.106667 0.100000
3 0.600000 0.868750 0.180000 0.202500
1 0.485000 0.860000 0.040000 0.100000
0 0.188333 0.781250 0.160000 0.232500
2 0.486667 0.516250 0.106667 0.152500
1 0.485000 0.286250 0.103333 0.162500
1 0.852500 0.230000 0.068333 0.135000
1 0.651667 0.296250 0.106667 0.222500
1 0.720000 0.311250 0.146667 0.212500
2 0.059167 0.146250 0.048333 0.062500
1 0.189167 0.755000 0.095000 0.190000
3 0.197500 0.240000 0.091667 0.070000
3 0.110833 0.468750 0.125000 0.137500
2 0.506667 0.916250 0.050000 0.102500
0 0.050833 0.330000 0.048333 0.075000
2 0.067500 0.343750 0.095000 0.102500
1 0.788333 0.227500 0.080000 0.160000
1 0.759167 0.898750 0.075000 0.097500
2 0.271667 0.261250 0.100000 0.077500
3 0.197500 0.111250 0.111667 0.087500
2 0.205833 0.423750 0.061667 0.097500
3 0.510000 0.470000 0.070000 0.050000
2 0.539167 0.070000 0.118333 0.130000
0 0.730833 0.360000 0.051667 0.075000
