3 0.422500 0.433750 0.121667 0.092500
3 0.201667 0.510000 0.066667 0.155000
0 0.732500 0.195000 0.118333 0.135000
1 0.539167 0.672500 0.138333 0.175000
2 0.747500 0.356250 0.095000 0.127500
0 0.640000 0.587500 0.066667 0.110000
0 0.061667 0.281250 0.120000 0.172500
0 0.220833 0.141250 0.078333 0.117500
2 0.898333 0.327500 0.033333 0.075000
0 0.866667 0.491250 0.080000 0.122500
3 0.431667 0.481250 0.126667 0.167500
3 0.780000 0.076250 0.133333 0.147500
1 0.240000 0.343750 0.063333 0.182500
3 0.758333 0.383750 0.096667 0.147500
3 0.188333 0.082500 0.100000 0.165000
0 0.536667 0.621250 0.210000 0.247500
0 0.705000 0.880000 0.086667 0.130000
1 0.885833 0.165000 0.038333 0.055000
0 0.711667 0.600000 0.053333 0.065000
