0 0.332500 0.440000 0.095000 0.150000
1 0.097500 0.500000 0.088333 0.105000
2 0.551667 0.632500 0.146667 0.240000
3 0.466667 0.173750 0.123333 0.142500
0 0.890833 0.197500 0.165000 0.275000
2 0.860000 0.247500 0.090000 0.240000
0 0.236667 0.326250 0.173333 0.217500
2 0.445000 0.257500 0.133333 0.205000
3 0.815000 0.036250 0.060000 0.052500
0 0.279167 0.647500 0.028333 0.045000
1 0.377500 0.682500 0.048333 0.050000
1 0.197500 0.506250 0.051667 0.067500
3 0.765833 0.725000 0.085000 0.170000
3 0.463333 0.057500 0.070000 0.090000
2 0.425833 0.180000 0.111667 0.185000
0 0.148333 0.301250 0.063333 0.097500
3 0.501667 0.216250 0.143333 0.212500
3 0.064167 0.316250 0.048333 0.067500
3 0.871667 0.806250 0.093333 0.072500
3 0.674167 0.682500 0.058333 0.150000
2 0.870000 0.703750 0.026667 0.062500
0 0.186667 0.788750 0.053333 0.097500
1 0.670833 0.907500 0.055000 0.065000
3 0.632500 0.082500 0.055000 0.100000
1 0.065000 0.537500 0.120000 0.145000
3 0.253333 0.452500 0.046667 0.095000
0 0.888333 0.442500 0.110000 0.160000
1 0.618333 0.468750 0.093333 0.092500
3 0.097500 0.106250 0.098333 0.127500
2 0.630000 0.306250 0.276667 0.297500
1 0.554167 0.631250 0.041667 0.097500
2 0.686667 0.495000 0.096667 0.115000
1 0.502500 0.417500 0.115000 0.165000
3 0.513333 0.520000 0.053333 0.070000
0 0.376667 0.491250 0.076667 0.147500
2 0.394167 0.455000 0.045000 0.110000
1 0.420000 0.468750 0.113333 0.137500
0 0.611667 0.763750 0.050000 0.097500
3 0.100000 0.376250 0.070000 0.142500
0 0.077500 0.533750 0.128333 0.207500
1 0.503333 0.740000 0.063333 0.105000
1 0.217500 0.281250 0.071667 0.077500
3 0.712500 0.217500 0.031667 0.040000
0 0.116667 0.291250 0.120000 0.182500
1 0.744167 0.690000 0.055000 0.055000
3 0.125833 0.540000 0.055000 0.165000
1 0.270000 0.770000 0.073333 0.135000
0 0.808333 0.316250 0.036667 0.052500
