1 0.310000 0.608750 0.020000 0.057500
1 0.500833 0.462500 0.028333 0.055000
1 0.870000 0.308750 0.103333 0.152500
2 0.869167 0.765000 0.085000 0.090000
2 0.477500 0.686250 0.068333 0.072500
3 0.819167 0.206250 0.095000 0.077500
0 0.595833 0.420000 0.158333 0.255000
1 0.960833 0.341250 0.041667 0.047500
2 0.626667 0.865000 0.060000 0.045000
3 0.921667 0.080000 0.066667 0.085000
3 0.588333 0.673750 0.250000 0.287500
3 0.471667 0.585000 0.096667 0.125000
3 0.444167 0.238750 0.038333 0.022500
3 0.341667 0.371250 0.050000 0.132500
1 0.593333 0.806250 0.150000 0.157500
2 0.615000 0.797500 0.223333 0.320000
3 0.438333 0.873750 0.023333 0.047500
2 0.255833 0.912500 0.065000 0.090000
2 0.300000 0.767500 0.026667 0.095000
3 0.113333 0.827500 0.060000 0.095000
0 0.217500 0.301250 0.138333 0.207500
2 0.192500 0.532500 0.095000 0.120000
0 0.480833 0.918750 0.108333 0.157500
0 0.295000 0.352500 0.083333 0.135000
1 0.466667 0.792500 0.176667 0.230000
1 0.583333 0.598750 0.136667 0.187500
0 0.490000 0.931250 0.050000 0.072500
1 0.290000 0.181250 0.136667 0.147500
0 0.352500 0.856250 0.111667 0.167500
3 0.576667 0.222500 0.083333 0.105000
1 0.379167 0.703750 0.131667 0.182500
2 0.499167 0.777500 0.085000 0.105000
0 0.375000 0.886250 0.056667 0.077500
3 0.542500 0.263750 0.091667 0.067500
3 0.781667 0.515000 0.126667 0.120000
0 0.564167 0.897500 0.041667 0.055000
1 0.600000 0.188750 0.116667 0.097500
1 0.835000 0.095000 0.086667 0.150000
0 0.337500 0.515000 0.091667 0.135000
1 0.034167 0.690000 0.055000 0.065000
2 0.471667 0.106250 0.066667 0.102500
0 0.215000 0.365000 0.076667 0.120000
3 0.347500 0.241250 0.048333 0.037500
3 0.090000 0.708750 0.043333 0.112500
1 0.357500 0.111250 0.071667 0.142500
0 0.179167 0.306250 0.031667 0.057500
