3 0.776667 0.595000 0.076667 0.145000
1 0.506667 0.762500 0.126667 0.180000
1 0.782500 0.602500 0.048333 0.065000
1 0.835000 0.215000 0.046667 0.060000
3 0.281667 0.150000 0.240000 0.180000
1 0.531667 0.477500 0.070000 0.100000
0 0.406667 0.195000 0.096667 0.155000
1 0.389167 0.493750 0.048333 0.092500
0 0.644167 0.075000 0.031667 0.065000
2 0.186667 0.715000 0.106667 0.160000
0 0.930000 0.446250 0.090000 0.117500
2 0.487500 0.712500 0.075000 0.090000
1 0.128333 0.312500 0.206667 0.320000
2 0.705833 0.592500 0.025000 0.045000
0 0.580000 0.343750 0.163333 0.262500
