1 0.140000 0.523750 0.130000 0.202500
1 0.337500 0.892500 0.041667 0.125000
2 0.689167 0.277500 0.041667 0.120000
3 0.377500 0.622500 0.058333 0.055000
0 0.539167 0.627500 0.145000 0.165000
2 0.472500 0.596250 0.128333 0.197500
0 0.421667 0.628750 0.150000 0.242500
1 0.862500 0.463750 0.095000 0.147500
0 0.094167 0.348750 0.091667 0.152500
3 0.237500 0.606250 0.048333 0.147500
2 0.925833 0.140000 0.041667 0.040000
1 0.836667 0.408750 0.053333 0.077500
2 0.509167 0.290000 0.141667 0.215000
3 0.340833 0.815000 0.101667 0.170000
0 0.500000 0.165000 0.093333 0.180000
0 0.918333 0.673750 0.086667 0.177500
3 0.879167 0.507500 0.121667 0.100000
2 0.815833 0.352500 0.145000 0.185000
1 0.271667 0.598750 0.036667 0.077500
0 0.640833 0.600000 0.055000 0.085000
3 0.631667 0.568750 0.090000 0.252500
2 0.226667 0.275000 0.153333 0.155000
2 0.901667 0.448750 0.103333 0.167500
0 0.689167 0.523750 0.158333 0.252500
3 0.345833 0.506250 0.031667 0.037500
3 0.278333 0.522500 0.093333 0.150000
2 0.823333 0.571250 0.056667 0.062500
3 0.546667 0.647500 0.066667 0.075000
