3 0.586667 0.258750 0.040000 0.107500
0 0.225833 0.250000 0.098333 0.145000
1 0.365833 0.216250 0.068333 0.107500
2 0.660833 0.385000 0.051667 0.080000
0 0.816667 0.365000 0.116667 0.175000
3 0.764167 0.331250 0.038333 0.072500
2 0.280833 0.323750 0.025000 0.112500
3 0.791667 0.527500 0.116667 0.065000
0 0.415833 0.141250 0.068333 0.102500
2 0.843333 0.677500 0.140000 0.115000
2 0.275000 0.275000 0.126667 0.210000
2 0.328333 0.260000 0.110000 0.170000
3 0.030000 0.652500 0.030000 0.060000
0 0.116667 0.838750 0.150000 0.222500
2 0.807500 0.270000 0.105000 0.110000
3 0.405000 0.866250 0.116667 0.137500
0 0.134167 0.600000 0.135000 0.200000
2 0.860833 0.606250 0.025000 0.052500
2 0.107500 0.420000 0.121667 0.175000
3 0.390000 0.745000 0.056667 0.080000
0 0.462500 0.645000 0.081667 0.120000
1 0.480833 0.541250 0.025000 0.057500
1 0.150000 0.323750 0.076667 0.112500
1 0.084167 0.552500 0.065000 0.090000
1 0.879167 0.493750 0.091667 0.097500
1 0.425833 0.186250 0.041667 0.072500
2 0.301667 0.766250 0.046667 0.117500
3 0.575833 0.632500 0.131667 0.130000
2 0.727500 0.796250 0.081667 0.077500
