3 0.729167 0.826250 0.098333 0.132500
0 0.155833 0.325000 0.091667 0.125000
1 0.685000 0.571250 0.036667 0.072500
1 0.191667 0.258750 0.060000 0.067500
3 0.329167 0.581250 0.085000 0.087500
3 0.163333 0.662500 0.080000 0.075000
1 0.171667 0.098750 0.096667 0.107500
0 0.560000 0.668750 0.130000 0.162500
1 0.125833 0.510000 0.101667 0.225000
0 0.572500 0.190000 0.191667 0.265000
2 0.857500 0.507500 0.111667 0.155000
2 0.150833 0.486250 0.125000 0.127500
3 0.845833 0.518750 0.055000 0.062500
1 0.862500 0.160000 0.048333 0.115000
0 0.810000 0.557500 0.070000 0.105000
2 0.700833 0.337500 0.085000 0.165000
2 0.091667 0.803750 0.076667 0.092500
2 0.180000 0.143750 0.080000 0.097500
0 0.274167 0.473750 0.095000 0.147500
1 0.627500 0.607500 0.111667 0.135000
3 0.395000 0.631250 0.033333 0.037500
0 0.811667 0.455000 0.066667 0.100000
2 0.525833 0.923750 0.058333 0.087500
1 0.675000 0.156250 0.106667 0.117500
3 0.113333 0.767500 0.066667 0.055000
0 0.854167 0.737500 0.045000 0.075000
1 0.750833 0.432500 0.108333 0.205000
0 0.640833 0.476250 0.141667 0.197500
2 0.663333 0.342500 0.083333 0.065000
0 0.785833 0.690000 0.075000 0.120000
1 0.098333 0.790000 0.063333 0.145000
0 0.614167 0.270000 0.065000 0.070000
3 0.844167 0.702500 0.118333 0.110000
0 0.203333 0.410000 0.096667 0.145000
3 0.190000 0.488750 0.026667 0.042500
