2 0.574167 0.223750 0.035000 0.032500
3 0.882500 0.062500 0.101667 0.120000
0 0.053333 0.766250 0.083333 0.142500
2 0.829167 0.123750 0.051667 0.077500
2 0.673333 0.751250 0.106667 0.147500
2 0.350833 0.403750 0.191667 0.317500
2 0.294167 0.363750 0.121667 0.107500
1 0.444167 0.143750 0.085000 0.127500
2 0.790000 0.578750 0.076667 0.132500
3 0.225833 0.153750 0.071667 0.122500
2 0.550833 0.637500 0.101667 0.145000
3 0.245833 0.842500 0.101667 0.120000
1 0.691667 0.116250 0.126667 0.157500
2 0.771667 0.150000 0.033333 0.070000
3 0.763333 0.396250 0.193333 0.287500
2 0.192500 0.631250 0.105000 0.187500
2 0.530000 0.247500 0.056667 0.125000
0 0.176667 0.838750 0.093333 0.182500
