0 0.338333 0.670000 0.076667 0.105000
1 0.592500 0.702500 0.091667 0.160000
3 0.312500 0.602500 0.035000 0.040000
1 0.156667 0.593750 0.040000 0.047500
2 0.164167 0.118750 0.065000 0.107500
3 0.803333 0.098750 0.030000 0.022500
2 0.271667 0.078750 0.140000 0.142500
0 0.351667 0.741250 0.063333 0.092500
3 0.906667 0.623750 0.070000 0.092500
1 0.100833 0.645000 0.048333 0.100000
0 0.752500 0.421250 0.171667 0.197500
3 0.768333 0.506250 0.123333 0.142500
0 0.570000 0.128750 0.066667 0.102500
1 0.273333 0.830000 0.066667 0.160000
0 0.540000 0.550000 0.056667 0.125000
2 0.199167 0.851250 0.058333 0.072500
