2 0.536667 0.407500 0.126667 0.200000
1 0.802500 0.920000 0.048333 0.060000
2 0.090000 0.243750 0.150000 0.172500
3 0.400833 0.798750 0.111667 0.102500
3 0.117500 0.905000 0.045000 0.030000
1 0.051667 0.088750 0.083333 0.132500
0 0.759167 0.565000 0.048333 0.085000
1 0.241667 0.040000 0.003333 0.000000
0 0.799167 0.528750 0.148333 0.172500
0 0.165000 0.198750 0.103333 0.127500
0 0.678333 0.757500 0.123333 0.195000
1 0.670833 0.857500 0.071667 0.090000
1 0.190000 0.307500 0.063333 0.075000
1 0.182500 0.691250 0.128333 0.187500
1 0.733333 0.948750 0.036667 0.052500
1 0.588333 0.840000 0.050000 0.075000
3 0.918333 0.208750 0.063333 0.107500
2 0.306667 0.195000 0.073333 0.110000
3 0.487500 0.513750 0.041667 0.072500
3 0.228333 0.322500 0.053333 0.175000
2 0.185000 0.328750 0.036667 0.082500
2 0.437500 0.360000 0.145000 0.115000
0 0.211667 0.372500 0.050000 0.070000
1 0.626667 0.246250 0.096667 0.087500
1 0.446667 0.216250 0.130000 0.202500
3 0.642500 0.100000 0.038333 0.055000
1 0.518333 0.936250 0.023333 0.042500
1 0.640833 0.221250 0.128333 0.167500
1 0.338333 0.672500 0.123333 0.175000
1 0.586667 0.082500 0.116667 0.150000
3 0.489167 0.480000 0.071667 0.075000
1 0.311667 0.416250 0.143333 0.212500
0 0.320000 0.746250 0.116667 0.212500
2 0.536667 0.236250 0.093333 0.137500
0 0.225000 0.205000 0.030000 0.045000
0 0.770000 0.125000 0.116667 0.165000
1 0.799167 0.551250 0.051667 0.137500
1 0.824167 0.621250 0.068333 0.147500
3 0.581667 0.438750 0.063333 0.072500
