0 0.683333 0.518750 0.156667 0.242500
1 0.580000 0.276250 0.033333 0.042500
3 0.886667 0.246250 0.083333 0.142500
1 0.665833 0.247500 0.135000 0.190000
3 0.819167 0.370000 0.021667 0.050000
1 0.770000 0.621250 0.086667 0.152500
2 0.780000 0.482500 0.073333 0.075000
1 0.834167 0.350000 0.115000 0.120000
0 0.051667 0.607500 0.086667 0.170000
3 0.881667 0.148750 0.080000 0.077500
3 0.734167 0.857500 0.075000 0.080000
2 0.191667 0.168750 0.113333 0.182500
0 0.720833 0.771250 0.085000 0.107500
2 0.470000 0.558750 0.083333 0.227500
2 0.200833 0.385000 0.065000 0.085000
3 0.319167 0.146250 0.088333 0.167500
0 0.436667 0.260000 0.033333 0.050000
0 0.320833 0.596250 0.155000 0.222500
3 0.580000 0.692500 0.023333 0.055000
1 0.150000 0.891250 0.083333 0.122500
3 0.905833 0.202500 0.058333 0.110000
1 0.816667 0.382500 0.116667 0.205000
0 0.666667 0.092500 0.090000 0.125000
1 0.278333 0.720000 0.040000 0.040000
3 0.119167 0.092500 0.061667 0.080000
0 0.320833 0.491250 0.115000 0.207500
0 0.945833 0.406250 0.035000 0.047500
2 0.676667 0.650000 0.063333 0.190000
0 0.097500 0.473750 0.081667 0.127500
1 0.640833 0.171250 0.071667 0.097500
3 0.149167 0.658750 0.091667 0.137500
3 0.407500 0.430000 0.085000 0.150000
2 0.483333 0.098750 0.130000 0.107500
2 0.601667 0.501250 0.126667 0.172500
1 0.445000 0.396250 0.040000 0.057500
2 0.771667 0.135000 0.070000 0.055000
2 0.022500 0.013750 0.028333 0.017500
2 0.028333 0.637500 0.053333 0.105000
0 0.509167 0.111250 0.081667 0.122500
0 0.753333 0.276250 0.126667 0.182500
3 0.299167 0.421250 0.108333 0.167500
2 0.590833 0.590000 0.028333 0.025000
0 0.858333 0.738750 0.060000 0.077500
0 0.068333 0.277500 0.046667 0.080000
1 0.378333 0.638750 0.040000 0.102500
1 0.295833 0.332500 0.128333 0.185000
