0 0.566667 0.750000 0.146667 0.165000
0 0.854167 0.556250 0.165000 0.197500
0 0.056667 0.515000 0.083333 0.115000
3 0.185000 0.458750 0.016667 0.047500
0 0.489167 0.763750 0.081667 0.117500
0 0.527500 0.132500 0.048333 0.120000
1 0.890000 0.877500 0.066667 0.085000
2 0.638333 0.956250 0.020000 0.052500
3 0.188333 0.165000 0.086667 0.160000
0 0.354167 0.875000 0.035000 0.055000
1 0.020833 0.681250 0.035000 0.092500
2 0.059167 0.405000 0.075000 0.090000
0 0.288333 0.750000 0.126667 0.185000
2 0.448333 0.823750 0.126667 0.152500
3 0.893333 0.807500 0.066667 0.060000
2 0.392500 0.500000 0.001667 0.140000
