3 0.335833 0.596250 0.071667 0.062500
0 0.271667 0.395000 0.046667 0.070000
1 0.427500 0.606250 0.101667 0.127500
1 0.877500 0.655000 0.055000 0.055000
2 0.698333 0.322500 0.056667 0.125000
0 0.115833 0.153750 0.158333 0.237500
3 0.233333 0.215000 0.093333 0.060000
0 0.338333 0.531250 0.036667 0.057500
0 0.496667 0.481250 0.100000 0.107500
3 0.921667 0.575000 0.063333 0.055000
3 0.605833 0.643750 0.061667 0.117500
3 0.395000 0.572500 0.086667 0.180000
0 0.878333 0.410000 0.186667 0.290000
2 0.844167 0.697500 0.051667 0.120000
1 0.140000 0.452500 0.066667 0.085000
0 0.453333 0.371250 0.103333 0.172500
2 0.655833 0.175000 0.041667 0.045000
1 0.379167 0.700000 0.118333 0.160000
2 0.756667 0.220000 0.086667 0.150000
2 0.670000 0.291250 0.080000 0.122500
