0 0.402500 0.521250 0.111667 0.172500
1 0.871667 0.272500 0.073333 0.090000
3 0.843333 0.831250 0.040000 0.152500
0 0.285000 0.642500 0.106667 0.165000
2 0.522500 0.840000 0.111667 0.225000
2 0.222500 0.306250 0.115000 0.217500
3 0.040833 0.613750 0.048333 0.037500
0 0.105833 0.106250 0.048333 0.062500
3 0.265000 0.811250 0.096667 0.087500
0 0.790000 0.491250 0.066667 0.102500
2 0.422500 0.947500 0.058333 0.095000
2 0.769167 0.275000 0.098333 0.135000
0 0.569167 0.401250 0.088333 0.152500
3 0.472500 0.202500 0.071667 0.080000
3 0.123333 0.062500 0.133333 0.100000
0 0.537500 0.811250 0.141667 0.237500
1 0.815833 0.130000 0.041667 0.050000
