0 0.315000 0.328750 0.043333 0.057500
2 0.931667 0.042500 0.033333 0.035000
2 0.938333 0.237500 0.070000 0.095000
3 0.625833 0.656250 0.028333 0.042500
1 0.399167 0.855000 0.035000 0.050000
0 0.872500 0.355000 0.055000 0.065000
3 0.429167 0.890000 0.055000 0.070000
1 0.076667 0.721250 0.070000 0.152500
3 0.027500 0.272500 0.051667 0.180000
2 0.426667 0.468750 0.026667 0.127500
2 0.333333 0.725000 0.136667 0.140000
0 0.251667 0.766250 0.153333 0.202500
1 0.472500 0.443750 0.138333 0.197500
3 0.520000 0.472500 0.026667 0.025000
2 0.102500 0.700000 0.101667 0.155000
3 0.391667 0.445000 0.090000 0.115000
3 0.797500 0.913750 0.041667 0.027500
0 0.452500 0.130000 0.118333 0.195000
1 0.307500 0.628750 0.135000 0.152500
2 0.706667 0.703750 0.026667 0.047500
1 0.917500 0.832500 0.088333 0.155000
1 0.298333 0.646250 0.073333 0.087500
0 0.917500 0.122500 0.078333 0.150000
0 0.657500 0.720000 0.118333 0.185000
3 0.605833 0.461250 0.081667 0.197500
3 0.400833 0.215000 0.108333 0.105000
0 0.726667 0.121250 0.116667 0.237500
0 0.123333 0.340000 0.120000 0.145000
2 0.230833 0.623750 0.031667 0.037500
0 0.652500 0.615000 0.098333 0.190000
2 0.507500 0.343750 0.105000 0.127500
1 0.092500 0.107500 0.128333 0.150000
3 0.419167 0.090000 0.131667 0.125000
2 0.903333 0.365000 0.036667 0.095000
2 0.841667 0.171250 0.153333 0.187500
2 0.718333 0.796250 0.056667 0.042500
0 0.655000 0.372500 0.190000 0.290000
2 0.760000 0.513750 0.066667 0.102500
0 0.445833 0.525000 0.091667 0.165000
1 0.165000 0.627500 0.073333 0.070000
