3 0.748333 0.496250 0.090000 0.117500
2 0.737500 0.691250 0.091667 0.242500
1 0.401667 0.300000 0.046667 0.065000
0 0.045833 0.321250 0.075000 0.112500
1 0.171667 0.841250 0.103333 0.142500
3 0.322500 0.083750 0.105000 0.167500
2 0.850833 0.302500 0.125000 0.185000
3 0.332500 0.747500 0.048333 0.095000
1 0.729167 0.810000 0.125000 0.185000
1 0.373333 0.618750 0.106667 0.192500
2 0.326667 0.771250 0.136667 0.122500
3 0.251667 0.497500 0.076667 0.155000
2 0.029167 0.366250 0.041667 0.117500
3 0.076667 0.090000 0.053333 0.055000
0 0.691667 0.481250 0.086667 0.117500
2 0.265833 0.802500 0.058333 0.075000
3 0.669167 0.836250 0.028333 0.062500
2 0.127500 0.371250 0.065000 0.077500
0 0.225000 0.123750 0.110000 0.167500
0 0.193333 0.855000 0.063333 0.100000
3 0.068333 0.598750 0.080000 0.082500
1 0.835833 0.146250 0.071667 0.097500
1 0.325000 0.426250 0.086667 0.092500
2 0.442500 0.651250 0.021667 0.077500
0 0.244167 0.820000 0.105000 0.155000
3 0.640000 0.355000 0.120000 0.175000
3 0.570000 0.333750 0.060000 0.122500
2 0.916667 0.632500 0.016667 0.065000
1 0.297500 0.556250 0.075000 0.162500
3 0.490833 0.178750 0.061667 0.092500
3 0.105000 0.251250 0.093333 0.102500
