1 0.670833 0.640000 0.108333 0.115000
0 0.876667 0.837500 0.056667 0.080000
1 0.376667 0.607500 0.186667 0.210000
3 0.341667 0.256250 0.206667 0.217500
2 0.353333 0.826250 0.093333 0.237500
1 0.857500 0.101250 0.038333 0.047500
1 0.197500 0.633750 0.088333 0.167500
2 0.443333 0.588750 0.003333 0.122500
0 0.093333 0.383750 0.090000 0.127500
3 0.400000 0.822500 0.113333 0.135000
1 0.696667 0.437500 0.130000 0.120000
3 0.314167 0.315000 0.245000 0.245000
1 0.251667 0.351250 0.076667 0.087500
3 0.385000 0.645000 0.096667 0.095000
0 0.374167 0.603750 0.165000 0.257500
2 0.266667 0.476250 0.090000 0.122500
3 0.355000 0.526250 0.043333 0.097500
3 0.756667 0.466250 0.066667 0.097500
1 0.152500 0.758750 0.108333 0.102500
0 0.560000 0.733750 0.086667 0.117500
3 0.104167 0.192500 0.091667 0.135000
0 0.675000 0.796250 0.093333 0.117500
