3 0.245000 0.820000 0.073333 0.160000
1 0.720000 0.397500 0.053333 0.060000
1 0.419167 0.235000 0.091667 0.185000
3 0.599167 0.125000 0.038333 0.090000
2 0.722500 0.405000 0.131667 0.180000
0 0.569167 0.163750 0.081667 0.122500
1 0.092500 0.621250 0.075000 0.082500
2 0.302500 0.815000 0.131667 0.170000
0 0.620000 0.417500 0.056667 0.110000
2 0.207500 0.922500 0.048333 0.060000
2 0.671667 0.055000 0.063333 0.090000
3 0.658333 0.293750 0.070000 0.172500
1 0.450000 0.250000 0.090000 0.120000
3 0.131667 0.705000 0.090000 0.110000
0 0.110000 0.117500 0.063333 0.110000
1 0.749167 0.157500 0.055000 0.150000
0 0.655833 0.156250 0.131667 0.212500
0 0.351667 0.092500 0.090000 0.150000
3 0.181667 0.620000 0.060000 0.065000
1 0.122500 0.113750 0.101667 0.147500
3 0.523333 0.490000 0.070000 0.165000
1 0.320000 0.505000 0.103333 0.140000
2 0.448333 0.786250 0.096667 0.147500
2 0.723333 0.772500 0.136667 0.200000
0 0.453333 0.297500 0.160000 0.225000
1 0.220000 0.701250 0.066667 0.102500
0 0.076667 0.811250 0.116667 0.147500
3 0.186667 0.065000 0.043333 0.105000
2 0.543333 0.218750 0.143333 0.242500
3 0.382500 0.562500 0.218333 0.290000
1 0.509167 0.432500 0.098333 0.150000
