3 0.202500 0.557500 0.158333 0.170000
0 0.875833 0.880000 0.065000 0.080000
0 0.166667 0.246250 0.193333 0.287500
2 0.329167 0.581250 0.128333 0.132500
3 0.420000 0.203750 0.113333 0.187500
2 0.171667 0.928750 0.040000 0.107500
1 0.287500 0.670000 0.065000 0.080000
0 0.379167 0.661250 0.071667 0.107500
0 0.765000 0.143750 0.153333 0.237500
0 0.653333 0.887500 0.080000 0.120000
3 0.273333 0.398750 0.073333 0.162500
1 0.195000 0.532500 0.056667 0.065000
1 0.939167 0.131250 0.058333 0.062500
2 0.730833 0.080000 0.075000 0.085000
1 0.741667 0.353750 0.143333 0.177500
2 0.120833 0.567500 0.158333 0.215000
0 0.788333 0.608750 0.106667 0.217500
2 0.725833 0.830000 0.075000 0.170000
1 0.290833 0.452500 0.045000 0.050000
0 0.521667 0.077500 0.053333 0.085000
2 0.690000 0.576250 0.060000 0.162500
0 0.346667 0.575000 0.110000 0.165000
0 0.816667 0.511250 0.043333 0.077500
3 0.366667 0.367500 0.066667 0.200000
3 0.137500 0.801250 0.115000 0.127500
0 0.472500 0.148750 0.051667 0.067500
2 0.083333 0.507500 0.110000 0.120000
2 0.672500 0.613750 0.138333 0.207500
1 0.124167 0.357500 0.125000 0.135000
3 0.599167 0.532500 0.015000 0.035000
3 0.358333 0.646250 0.083333 0.077500
2 0.436667 0.608750 0.080000 0.082500
1 0.340000 0.195000 0.030000 0.030000
1 0.346667 0.165000 0.100000 0.120000
2 0.751667 0.760000 0.060000 0.065000
3 0.695833 0.833750 0.131667 0.132500
3 0.341667 0.232500 0.066667 0.155000
3 0.372500 0.471250 0.058333 0.052500
1 0.557500 0.136250 0.028333 0.042500
0 0.390833 0.328750 0.065000 0.102500
1 0.053333 0.153750 0.030000 0.082500
0 0.591667 0.495000 0.180000 0.250000
2 0.900833 0.115000 0.081667 0.125000
0 0.355000 0.755000 0.053333 0.130000
