2 0.757500 0.035000 0.031667 0.055000
2 0.567500 0.102500 0.071667 0.110000
0 0.100000 0.193750 0.136667 0.262500
1 0.878333 0.112500 0.060000 0.095000
3 0.657500 0.652500 0.031667 0.085000
3 0.634167 0.790000 0.038333 0.105000
0 0.906667 0.667500 0.140000 0.210000
2 0.675000 0.680000 0.033333 0.040000
0 0.286667 0.346250 0.100000 0.122500
0 0.552500 0.147500 0.125000 0.185000
2 0.551667 0.816250 0.080000 0.057500
1 0.204167 0.578750 0.038333 0.037500
3 0.892500 0.916250 0.061667 0.052500
2 0.688333 0.400000 0.080000 0.085000
1 0.512500 0.740000 0.081667 0.170000
1 0.149167 0.413750 0.131667 0.152500
2 0.642500 0.886250 0.035000 0.072500
1 0.110000 0.488750 0.100000 0.207500
2 0.697500 0.830000 0.135000 0.085000
1 0.430000 0.076250 0.116667 0.152500
0 0.928333 0.410000 0.116667 0.185000
2 0.315000 0.573750 0.033333 0.042500
3 0.555000 0.170000 0.033333 0.040000
0 0.386667 0.617500 0.126667 0.205000
1 0.363333 0.757500 0.046667 0.065000
1 0.428333 0.450000 0.103333 0.135000
0 0.453333 0.747500 0.053333 0.125000
1 0.628333 0.293750 0.076667 0.097500
0 0.834167 0.361250 0.095000 0.127500
2 0.155833 0.312500 0.035000 0.050000
0 0.185000 0.242500 0.120000 0.180000
0 0.765833 0.230000 0.045000 0.090000
2 0.540000 0.890000 0.036667 0.110000
1 0.473333 0.798750 0.086667 0.172500
3 0.083333 0.761250 0.113333 0.182500
0 0.375000 0.118750 0.116667 0.212500
