3 0.278333 0.126250 0.060000 0.072500
2 0.425000 0.391250 0.066667 0.102500
2 0.300000 0.531250 0.073333 0.087500
1 0.678333 0.546250 0.033333 0.042500
1 0.676667 0.560000 0.090000 0.115000
1 0.673333 0.722500 0.026667 0.025000
0 0.575000 0.685000 0.070000 0.115000
2 0.914167 0.636250 0.001667 0.062500
0 0.570833 0.066250 0.065000 0.102500
3 0.947500 0.288750 0.031667 0.042500
3 0.389167 0.878750 0.165000 0.167500
1 0.549167 0.343750 0.058333 0.082500
1 0.376667 0.916250 0.040000 0.062500
2 0.747500 0.762500 0.105000 0.225000
0 0.317500 0.226250 0.171667 0.212500
2 0.112500 0.096250 0.115000 0.187500
0 0.596667 0.530000 0.096667 0.140000
1 0.604167 0.346250 0.108333 0.142500
0 0.619167 0.520000 0.058333 0.130000
3 0.644167 0.801250 0.065000 0.077500
1 0.086667 0.866250 0.083333 0.087500
3 0.736667 0.082500 0.060000 0.060000
0 0.119167 0.453750 0.148333 0.222500
1 0.600000 0.066250 0.090000 0.127500
0 0.128333 0.225000 0.126667 0.190000
