3 0.807500 0.111250 0.118333 0.122500
1 0.047500 0.575000 0.001667 0.000000
0 0.590000 0.253750 0.120000 0.242500
0 0.293333 0.403750 0.083333 0.122500
1 0.221667 0.325000 0.080000 0.210000
2 0.605000 0.182500 0.130000 0.200000
3 0.436667 0.893750 0.066667 0.037500
0 0.145000 0.548750 0.126667 0.207500
3 0.890833 0.813750 0.071667 0.057500
0 0.195833 0.341250 0.108333 0.162500
2 0.288333 0.706250 0.103333 0.152500
0 0.667500 0.438750 0.031667 0.037500
1 0.425833 0.585000 0.025000 0.050000
1 0.436667 0.731250 0.026667 0.042500
3 0.823333 0.777500 0.126667 0.095000
1 0.727500 0.822500 0.065000 0.070000
3 0.032500 0.441250 0.061667 0.152500
1 0.105833 0.442500 0.038333 0.045000
0 0.095833 0.557500 0.035000 0.060000
2 0.600833 0.250000 0.148333 0.250000
