3 0.900833 0.602500 0.055000 0.125000
3 0.255833 0.172500 0.061667 0.050000
1 0.385000 0.621250 0.116667 0.132500
3 0.935000 0.863750 0.043333 0.042500
1 0.547500 0.355000 0.038333 0.040000
2 0.547500 0.317500 0.031667 0.025000
3 0.960000 0.467500 0.043333 0.045000
2 0.555000 0.507500 0.070000 0.095000
1 0.449167 0.256250 0.141667 0.167500
0 0.704167 0.387500 0.035000 0.050000
0 0.378333 0.188750 0.120000 0.217500
2 0.503333 0.703750 0.126667 0.212500
3 0.370000 0.876250 0.036667 0.117500
3 0.430833 0.315000 0.035000 0.065000
2 0.455833 0.636250 0.055000 0.042500
0 0.185000 0.563750 0.150000 0.227500
3 0.064167 0.861250 0.038333 0.087500
1 0.401667 0.410000 0.020000 0.055000
1 0.646667 0.225000 0.100000 0.195000
2 0.684167 0.875000 0.051667 0.065000
3 0.475000 0.057500 0.116667 0.110000
2 0.868333 0.500000 0.046667 0.065000
2 0.232500 0.235000 0.098333 0.145000
0 0.140000 0.582500 0.090000 0.130000
0 0.709167 0.381250 0.038333 0.062500
3 0.834167 0.767500 0.135000 0.125000
1 0.198333 0.751250 0.210000 0.237500
1 0.487500 0.225000 0.105000 0.110000
