3 0.437500 0.550000 0.108333 0.090000
1 0.792500 0.861250 0.065000 0.057500
1 0.555833 0.761250 0.088333 0.137500
0 0.956667 0.841250 0.046667 0.082500
0 0.918333 0.782500 0.086667 0.120000
0 0.750833 0.717500 0.131667 0.210000
2 0.894167 0.226250 0.061667 0.232500
0 0.873333 0.845000 0.073333 0.135000
3 0.898333 0.078750 0.030000 0.052500
1 0.579167 0.215000 0.128333 0.125000
3 0.195833 0.348750 0.058333 0.047500
1 0.629167 0.766250 0.225000 0.252500
2 0.435833 0.475000 0.068333 0.120000
1 0.621667 0.570000 0.043333 0.055000
1 0.722500 0.558750 0.048333 0.112500
3 0.045000 0.437500 0.040000 0.140000
1 0.890000 0.208750 0.080000 0.082500
1 0.255000 0.643750 0.080000 0.112500
3 0.890000 0.338750 0.026667 0.042500
1 0.464167 0.691250 0.238333 0.247500
0 0.235833 0.757500 0.168333 0.225000
3 0.385833 0.497500 0.118333 0.190000
1 0.472500 0.393750 0.091667 0.132500
3 0.210000 0.383750 0.050000 0.132500
3 0.885000 0.558750 0.026667 0.027500
1 0.048333 0.253750 0.046667 0.097500
