3 0.460000 0.597500 0.120000 0.120000
1 0.515833 0.130000 0.065000 0.075000
0 0.846667 0.198750 0.123333 0.257500
3 0.820833 0.218750 0.068333 0.052500
3 0.697500 0.748750 0.128333 0.167500
0 0.119167 0.163750 0.071667 0.107500
0 0.727500 0.196250 0.078333 0.117500
0 0.658333 0.765000 0.053333 0.080000
2 0.877500 0.517500 0.048333 0.045000
1 0.660833 0.708750 0.095000 0.132500
3 0.576667 0.482500 0.043333 0.055000
0 0.943333 0.503750 0.060000 0.072500
3 0.902500 0.708750 0.105000 0.122500
0 0.930833 0.747500 0.125000 0.190000
0 0.094167 0.718750 0.048333 0.082500
3 0.555000 0.276250 0.063333 0.147500
2 0.564167 0.397500 0.045000 0.085000
1 0.470833 0.551250 0.091667 0.167500
2 0.365833 0.573750 0.095000 0.127500
1 0.767500 0.308750 0.118333 0.107500
2 0.330833 0.615000 0.071667 0.130000
0 0.140833 0.291250 0.098333 0.132500
2 0.367500 0.600000 0.095000 0.230000
2 0.576667 0.327500 0.050000 0.035000
1 0.775000 0.642500 0.070000 0.165000
3 0.037500 0.488750 0.058333 0.062500
3 0.389167 0.557500 0.041667 0.030000
