2 0.087500 0.447500 0.001667 0.130000
3 0.106667 0.598750 0.096667 0.107500
2 0.529167 0.720000 0.031667 0.060000
1 0.577500 0.655000 0.061667 0.125000
0 0.901667 0.156250 0.143333 0.247500
3 0.715833 0.643750 0.048333 0.032500
1 0.170000 0.402500 0.116667 0.190000
1 0.447500 0.187500 0.125000 0.200000
2 0.346667 0.793750 0.066667 0.097500
0 0.040833 0.821250 0.061667 0.112500
1 0.870000 0.576250 0.136667 0.157500
1 0.139167 0.063750 0.065000 0.082500
3 0.743333 0.151250 0.096667 0.112500
1 0.238333 0.946250 0.043333 0.047500
0 0.858333 0.340000 0.146667 0.205000
3 0.558333 0.357500 0.103333 0.165000
2 0.225833 0.442500 0.035000 0.085000
0 0.293333 0.360000 0.070000 0.105000
1 0.175833 0.628750 0.045000 0.077500
1 0.342500 0.570000 0.071667 0.105000
1 0.162500 0.738750 0.118333 0.162500
2 0.924167 0.847500 0.038333 0.050000
0 0.160833 0.592500 0.105000 0.160000
1 0.454167 0.090000 0.105000 0.125000
2 0.589167 0.770000 0.111667 0.110000
3 0.598333 0.811250 0.066667 0.072500
0 0.099167 0.671250 0.128333 0.147500
2 0.256667 0.531250 0.050000 0.052500
0 0.646667 0.333750 0.103333 0.177500
1 0.828333 0.571250 0.116667 0.142500
2 0.936667 0.522500 0.003333 0.145000
3 0.555000 0.670000 0.053333 0.090000
0 0.096667 0.755000 0.056667 0.080000
0 0.307500 0.292500 0.151667 0.180000
2 0.251667 0.280000 0.036667 0.055000
0 0.584167 0.247500 0.031667 0.055000
1 0.378333 0.770000 0.143333 0.190000
1 0.828333 0.126250 0.046667 0.072500
1 0.469167 0.690000 0.055000 0.090000
3 0.633333 0.815000 0.093333 0.080000
