3 0.544167 0.162500 0.128333 0.115000
3 0.253333 0.545000 0.076667 0.110000
0 0.397500 0.360000 0.075000 0.120000
0 0.538333 0.463750 0.110000 0.162500
3 0.267500 0.483750 0.045000 0.142500
1 0.361667 0.453750 0.096667 0.187500
1 0.192500 0.112500 0.055000 0.060000
0 0.049167 0.650000 0.031667 0.050000
3 0.557500 0.386250 0.048333 0.077500
3 0.604167 0.758750 0.091667 0.087500
1 0.501667 0.085000 0.126667 0.145000
0 0.356667 0.406250 0.143333 0.172500
1 0.870000 0.752500 0.130000 0.230000
1 0.538333 0.737500 0.120000 0.150000
0 0.782500 0.836250 0.061667 0.082500
3 0.728333 0.685000 0.066667 0.180000
1 0.780833 0.712500 0.091667 0.130000
2 0.545000 0.545000 0.113333 0.195000
3 0.340000 0.788750 0.043333 0.042500
2 0.137500 0.205000 0.108333 0.150000
2 0.620833 0.278750 0.055000 0.097500
2 0.096667 0.791250 0.056667 0.052500
2 0.732500 0.457500 0.125000 0.130000
1 0.420000 0.377500 0.083333 0.140000
3 0.480833 0.398750 0.048333 0.047500
2 0.269167 0.415000 0.125000 0.250000
3 0.756667 0.543750 0.046667 0.057500
