3 0.840833 0.343750 0.108333 0.132500
0 0.578333 0.651250 0.066667 0.127500
1 0.275833 0.678750 0.061667 0.062500
1 0.779167 0.270000 0.128333 0.170000
0 0.304167 0.321250 0.171667 0.257500
1 0.178333 0.466250 0.113333 0.127500
3 0.114167 0.653750 0.138333 0.137500
3 0.792500 0.152500 0.115000 0.115000
0 0.425833 0.110000 0.055000 0.140000
0 0.400833 0.568750 0.131667 0.187500
2 0.872500 0.706250 0.148333 0.152500
0 0.863333 0.403750 0.030000 0.052500
0 0.150000 0.886250 0.056667 0.087500
0 0.923333 0.146250 0.030000 0.047500
1 0.120000 0.110000 0.053333 0.060000
1 0.675833 0.396250 0.128333 0.187500
2 0.096667 0.232500 0.063333 0.125000
1 0.431667 0.893750 0.033333 0.042500
3 0.663333 0.871250 0.110000 0.177500
2 0.928333 0.687500 0.056667 0.065000
1 0.660000 0.100000 0.036667 0.045000
0 0.658333 0.585000 0.080000 0.125000
2 0.205833 0.153750 0.098333 0.112500
1 0.871667 0.486250 0.046667 0.052500
1 0.353333 0.441250 0.040000 0.077500
1 0.356667 0.356250 0.060000 0.077500
1 0.955833 0.220000 0.031667 0.035000
1 0.445833 0.625000 0.061667 0.130000
0 0.674167 0.051250 0.048333 0.082500
0 0.649167 0.225000 0.145000 0.225000
3 0.230833 0.463750 0.048333 0.092500
0 0.519167 0.580000 0.078333 0.115000
0 0.615833 0.376250 0.148333 0.222500
1 0.765833 0.857500 0.038333 0.075000
3 0.519167 0.100000 0.071667 0.065000
3 0.030000 0.913750 0.043333 0.032500
0 0.589167 0.695000 0.045000 0.060000
2 0.493333 0.351250 0.130000 0.227500
0 0.931667 0.401250 0.043333 0.052500
3 0.163333 0.726250 0.066667 0.097500
3 0.890000 0.150000 0.060000 0.130000
1 0.627500 0.276250 0.085000 0.137500
0 0.932500 0.496250 0.101667 0.147500
2 0.529167 0.811250 0.031667 0.052500
2 0.901667 0.636250 0.070000 0.107500
1 0.898333 0.768750 0.113333 0.127500
2 0.607500 0.101250 0.071667 0.072500
2 0.810833 0.196250 0.141667 0.087500
3 0.432500 0.837500 0.098333 0.110000
