0 0.430833 0.108750 0.085000 0.127500
2 0.284167 0.487500 0.031667 0.040000
1 0.728333 0.081250 0.070000 0.082500
3 0.362500 0.276250 0.081667 0.117500
0 0.878333 0.355000 0.040000 0.050000
0 0.341667 0.860000 0.050000 0.070000
3 0.703333 0.571250 0.113333 0.172500
2 0.079167 0.282500 0.058333 0.040000
0 0.765000 0.382500 0.103333 0.155000
2 0.082500 0.207500 0.125000 0.160000
1 0.421667 0.353750 0.043333 0.067500
1 0.655833 0.287500 0.135000 0.180000
0 0.543333 0.477500 0.040000 0.060000
1 0.587500 0.738750 0.115000 0.162500
2 0.386667 0.275000 0.136667 0.245000
2 0.302500 0.360000 0.155000 0.125000
0 0.120000 0.776250 0.186667 0.282500
2 0.525833 0.572500 0.005000 0.130000
2 0.478333 0.371250 0.050000 0.047500
2 0.681667 0.252500 0.126667 0.105000
2 0.699167 0.793750 0.095000 0.137500
