2 0.727500 0.441250 0.151667 0.227500
0 0.299167 0.313750 0.075000 0.117500
1 0.713333 0.362500 0.060000 0.095000
0 0.646667 0.727500 0.093333 0.140000
2 0.466667 0.810000 0.060000 0.095000
3 0.867500 0.425000 0.101667 0.115000
1 0.825833 0.618750 0.125000 0.137500
0 0.785833 0.467500 0.035000 0.055000
2 0.243333 0.382500 0.133333 0.105000
1 0.317500 0.627500 0.108333 0.140000
1 0.331667 0.568750 0.133333 0.207500
3 0.960000 0.120000 0.030000 0.030000
2 0.466667 0.421250 0.160000 0.187500
2 0.422500 0.620000 0.088333 0.120000
0 0.895000 0.268750 0.110000 0.157500
1 0.775833 0.657500 0.065000 0.150000
2 0.566667 0.863750 0.116667 0.107500
2 0.435833 0.408750 0.178333 0.207500
2 0.307500 0.773750 0.035000 0.057500
0 0.794167 0.348750 0.075000 0.122500
0 0.458333 0.167500 0.193333 0.290000
0 0.273333 0.611250 0.176667 0.262500
3 0.531667 0.770000 0.070000 0.095000
2 0.201667 0.853750 0.036667 0.057500
0 0.926667 0.577500 0.083333 0.125000
2 0.254167 0.536250 0.055000 0.077500
1 0.474167 0.521250 0.068333 0.087500
2 0.760833 0.906250 0.075000 0.072500
2 0.111667 0.600000 0.113333 0.120000
3 0.768333 0.840000 0.090000 0.155000
