2 0.755000 0.818750 0.046667 0.047500
0 0.917500 0.898750 0.071667 0.107500
1 0.583333 0.781250 0.073333 0.077500
0 0.672500 0.680000 0.055000 0.065000
1 0.274167 0.182500 0.081667 0.095000
2 0.665833 0.698750 0.061667 0.082500
1 0.681667 0.663750 0.086667 0.177500
2 0.095000 0.610000 0.080000 0.120000
1 0.761667 0.533750 0.060000 0.087500
0 0.894167 0.588750 0.078333 0.127500
2 0.909167 0.830000 0.078333 0.120000
3 0.632500 0.057500 0.091667 0.070000
1 0.092500 0.282500 0.135000 0.205000
3 0.753333 0.733750 0.116667 0.162500
0 0.897500 0.568750 0.185000 0.267500
1 0.813333 0.548750 0.176667 0.202500
3 0.292500 0.223750 0.068333 0.102500
1 0.516667 0.147500 0.110000 0.165000
1 0.626667 0.380000 0.070000 0.150000
1 0.143333 0.217500 0.050000 0.060000
3 0.217500 0.045000 0.065000 0.060000
3 0.396667 0.361250 0.073333 0.112500
0 0.468333 0.180000 0.150000 0.230000
0 0.704167 0.462500 0.061667 0.090000
1 0.952500 0.528750 0.035000 0.072500
1 0.855000 0.200000 0.073333 0.110000
3 0.889167 0.607500 0.091667 0.085000
