1 0.312500 0.303750 0.128333 0.182500
2 0.159167 0.503750 0.071667 0.127500
1 0.711667 0.491250 0.103333 0.152500
3 0.298333 0.176250 0.046667 0.112500
0 0.840833 0.550000 0.131667 0.165000
3 0.434167 0.448750 0.108333 0.187500
2 0.740000 0.711250 0.050000 0.082500
3 0.710000 0.238750 0.100000 0.182500
1 0.850000 0.236250 0.100000 0.167500
2 0.290833 0.253750 0.091667 0.147500
2 0.571667 0.445000 0.106667 0.080000
0 0.305000 0.461250 0.073333 0.112500
2 0.807500 0.298750 0.051667 0.192500
3 0.284167 0.673750 0.061667 0.107500
2 0.457500 0.770000 0.078333 0.130000
