2 0.105833 0.520000 0.045000 0.065000
2 0.517500 0.458750 0.068333 0.077500
2 0.124167 0.421250 0.115000 0.157500
2 0.777500 0.212500 0.075000 0.070000
1 0.822500 0.705000 0.098333 0.215000
3 0.741667 0.831250 0.033333 0.047500
3 0.313333 0.168750 0.043333 0.087500
3 0.496667 0.671250 0.073333 0.177500
3 0.058333 0.737500 0.040000 0.060000
3 0.524167 0.446250 0.081667 0.182500
2 0.675000 0.150000 0.003333 0.245000
2 0.856667 0.448750 0.113333 0.222500
1 0.155833 0.120000 0.125000 0.205000
0 0.695833 0.165000 0.068333 0.095000
0 0.233333 0.538750 0.076667 0.117500
2 0.798333 0.533750 0.053333 0.057500
0 0.401667 0.452500 0.123333 0.165000
3 0.135000 0.151250 0.046667 0.037500
3 0.486667 0.171250 0.080000 0.087500
2 0.854167 0.216250 0.061667 0.092500
0 0.219167 0.790000 0.208333 0.245000
0 0.620833 0.431250 0.135000 0.157500
3 0.842500 0.256250 0.068333 0.092500
2 0.203333 0.398750 0.146667 0.297500
2 0.496667 0.258750 0.060000 0.127500
1 0.615000 0.161250 0.036667 0.047500
0 0.956667 0.405000 0.076667 0.135000
3 0.535000 0.527500 0.063333 0.110000
1 0.740833 0.831250 0.058333 0.147500
1 0.881667 0.201250 0.116667 0.122500
3 0.116667 0.583750 0.116667 0.137500
3 0.679167 0.623750 0.025000 0.082500
2 0.331667 0.818750 0.233333 0.242500
1 0.839167 0.056250 0.068333 0.092500
1 0.521667 0.443750 0.023333 0.042500
1 0.909167 0.413750 0.111667 0.147500
1 0.200000 0.725000 0.113333 0.140000
3 0.825000 0.692500 0.086667 0.085000
