1 0.363333 0.753750 0.070000 0.082500
0 0.751667 0.515000 0.106667 0.170000
2 0.795000 0.382500 0.126667 0.210000
3 0.421667 0.550000 0.043333 0.080000
0 0.575000 0.426250 0.073333 0.107500
2 0.633333 0.088750 0.113333 0.157500
2 0.226667 0.348750 0.046667 0.057500
0 0.771667 0.628750 0.043333 0.062500
3 0.331667 0.478750 0.103333 0.177500
2 0.935833 0.818750 0.001667 0.072500
2 0.348333 0.677500 0.086667 0.180000
0 0.950833 0.525000 0.048333 0.075000
1 0.431667 0.571250 0.126667 0.182500
2 0.561667 0.560000 0.053333 0.000000
3 0.775833 0.428750 0.048333 0.097500
1 0.735833 0.897500 0.055000 0.065000
1 0.270000 0.623750 0.116667 0.122500
0 0.084167 0.538750 0.061667 0.122500
1 0.707500 0.163750 0.108333 0.152500
1 0.459167 0.492500 0.071667 0.115000
3 0.505000 0.872500 0.090000 0.095000
3 0.257500 0.346250 0.121667 0.087500
3 0.519167 0.506250 0.048333 0.157500
1 0.115000 0.410000 0.030000 0.040000
3 0.480833 0.860000 0.038333 0.030000
3 0.922500 0.505000 0.025000 0.045000
