2 0.175833 0.801250 0.091667 0.142500
2 0.746667 0.238750 0.123333 0.072500
2 0.294167 0.165000 0.058333 0.095000
3 0.895000 0.622500 0.056667 0.045000
0 0.311667 0.525000 0.103333 0.150000
1 0.238333 0.423750 0.033333 0.052500
1 0.833333 0.225000 0.070000 0.130000
2 0.772500 0.078750 0.058333 0.067500
3 0.525000 0.566250 0.020000 0.037500
3 0.218333 0.743750 0.043333 0.062500
0 0.473333 0.162500 0.136667 0.170000
1 0.480833 0.556250 0.145000 0.172500
1 0.166667 0.358750 0.043333 0.062500
2 0.418333 0.768750 0.106667 0.197500
0 0.585000 0.827500 0.063333 0.095000
2 0.168333 0.755000 0.073333 0.110000
0 0.340833 0.390000 0.038333 0.070000
1 0.196667 0.097500 0.123333 0.150000
3 0.365000 0.952500 0.026667 0.040000
0 0.797500 0.785000 0.028333 0.065000
0 0.596667 0.412500 0.123333 0.185000
3 0.242500 0.667500 0.081667 0.090000
3 0.563333 0.225000 0.026667 0.035000
0 0.670000 0.086250 0.136667 0.162500
