0 0.694167 0.383750 0.175000 0.217500
1 0.770833 0.310000 0.088333 0.180000
3 0.414167 0.598750 0.045000 0.052500
2 0.190000 0.391250 0.170000 0.187500
0 0.935000 0.697500 0.070000 0.105000
1 0.221667 0.123750 0.030000 0.042500
2 0.440833 0.280000 0.111667 0.150000
1 0.376667 0.196250 0.100000 0.132500
2 0.744167 0.483750 0.081667 0.162500
0 0.493333 0.898750 0.070000 0.112500
0 0.322500 0.736250 0.141667 0.217500
1 0.131667 0.572500 0.126667 0.170000
0 0.066667 0.652500 0.070000 0.105000
1 0.719167 0.703750 0.078333 0.112500
0 0.690000 0.157500 0.040000 0.080000
1 0.035000 0.837500 0.056667 0.090000
1 0.823333 0.135000 0.080000 0.160000
3 0.787500 0.413750 0.068333 0.142500
2 0.765833 0.626250 0.108333 0.207500
2 0.870833 0.607500 0.055000 0.060000
0 0.390833 0.278750 0.045000 0.062500
2 0.481667 0.321250 0.090000 0.227500
2 0.276667 0.861250 0.046667 0.057500
2 0.729167 0.057500 0.081667 0.085000
3 0.840833 0.652500 0.101667 0.095000
0 0.271667 0.601250 0.100000 0.172500
1 0.150000 0.137500 0.043333 0.085000
1 0.324167 0.101250 0.028333 0.022500
1 0.851667 0.593750 0.110000 0.162500
1 0.507500 0.593750 0.125000 0.152500
1 0.775833 0.273750 0.135000 0.127500
1 0.650833 0.111250 0.105000 0.137500
3 0.803333 0.063750 0.033333 0.067500
3 0.690000 0.557500 0.063333 0.180000
0 0.278333 0.750000 0.080000 0.095000
1 0.624167 0.256250 0.078333 0.082500
3 0.663333 0.505000 0.090000 0.100000
3 0.325000 0.500000 0.046667 0.030000
0 0.507500 0.172500 0.168333 0.210000
3 0.269167 0.277500 0.085000 0.175000
2 0.884167 0.520000 0.038333 0.060000
2 0.223333 0.790000 0.133333 0.155000
0 0.263333 0.575000 0.140000 0.190000
0 0.433333 0.628750 0.080000 0.117500
0 0.168333 0.710000 0.076667 0.090000
