3 0.577500 0.835000 0.068333 0.135000
3 0.055833 0.536250 0.055000 0.047500
2 0.426667 0.762500 0.040000 0.085000
1 0.838333 0.840000 0.033333 0.060000
1 0.760833 0.617500 0.081667 0.115000
3 0.555000 0.785000 0.103333 0.060000
2 0.961667 0.067500 0.026667 0.045000
1 0.269167 0.387500 0.091667 0.135000
2 0.586667 0.947500 0.033333 0.030000
2 0.072500 0.716250 0.115000 0.122500
0 0.140833 0.615000 0.141667 0.210000
3 0.179167 0.093750 0.031667 0.037500
3 0.320833 0.392500 0.045000 0.055000
0 0.257500 0.481250 0.125000 0.197500
2 0.678333 0.600000 0.073333 0.100000
0 0.606667 0.672500 0.120000 0.195000
1 0.340833 0.125000 0.111667 0.165000
3 0.056667 0.845000 0.063333 0.090000
2 0.395000 0.202500 0.106667 0.150000
0 0.900833 0.815000 0.118333 0.135000
3 0.164167 0.541250 0.115000 0.127500
1 0.139167 0.230000 0.041667 0.050000
2 0.278333 0.592500 0.063333 0.105000
3 0.794167 0.878750 0.045000 0.082500
2 0.518333 0.300000 0.056667 0.120000
3 0.600833 0.487500 0.028333 0.030000
0 0.728333 0.348750 0.113333 0.182500
1 0.567500 0.148750 0.115000 0.217500
0 0.414167 0.380000 0.095000 0.165000
1 0.191667 0.380000 0.096667 0.205000
3 0.200000 0.117500 0.056667 0.175000
0 0.683333 0.892500 0.116667 0.185000
3 0.195833 0.438750 0.038333 0.087500
1 0.940833 0.516250 0.075000 0.112500
0 0.356667 0.348750 0.100000 0.162500
0 0.072500 0.271250 0.105000 0.137500
1 0.333333 0.698750 0.023333 0.042500
2 0.624167 0.761250 0.121667 0.232500
3 0.690000 0.337500 0.033333 0.030000
2 0.771667 0.763750 0.096667 0.117500
2 0.255000 0.217500 0.040000 0.045000
3 0.100000 0.802500 0.130000 0.120000
3 0.185000 0.203750 0.136667 0.112500
0 0.311667 0.570000 0.063333 0.140000
3 0.464167 0.203750 0.051667 0.072500
0 0.865000 0.656250 0.086667 0.102500
1 0.130833 0.263750 0.045000 0.057500
