3 0.912500 0.826250 0.051667 0.047500
3 0.247500 0.742500 0.105000 0.160000
3 0.264167 0.342500 0.048333 0.045000
0 0.668333 0.360000 0.046667 0.070000
2 0.859167 0.150000 0.065000 0.100000
2 0.370833 0.553750 0.075000 0.152500
0 0.311667 0.290000 0.080000 0.120000
1 0.865000 0.785000 0.130000 0.195000
0 0.657500 0.910000 0.075000 0.110000
3 0.921667 0.481250 0.066667 0.042500
0 0.422500 0.447500 0.221667 0.300000
2 0.451667 0.150000 0.103333 0.150000
2 0.900000 0.471250 0.110000 0.212500
0 0.630833 0.362500 0.105000 0.205000
2 0.134167 0.595000 0.131667 0.135000
0 0.105000 0.787500 0.113333 0.140000
3 0.385833 0.213750 0.078333 0.137500
1 0.312500 0.102500 0.045000 0.065000
0 0.327500 0.261250 0.108333 0.142500
3 0.110833 0.456250 0.061667 0.077500
1 0.323333 0.818750 0.126667 0.217500
1 0.707500 0.772500 0.115000 0.160000
2 0.358333 0.425000 0.026667 0.045000
1 0.756667 0.215000 0.050000 0.065000
1 0.197500 0.726250 0.145000 0.162500
0 0.878333 0.286250 0.063333 0.102500
0 0.288333 0.113750 0.110000 0.177500
2 0.845000 0.803750 0.116667 0.192500
3 0.450000 0.867500 0.080000 0.050000
0 0.205000 0.836250 0.146667 0.217500
2 0.467500 0.667500 0.125000 0.200000
1 0.922500 0.868750 0.048333 0.072500
2 0.928333 0.751250 0.040000 0.052500
2 0.511667 0.458750 0.023333 0.062500
1 0.120833 0.617500 0.045000 0.050000
