1 0.515000 0.142500 0.060000 0.150000
2 0.803333 0.225000 0.113333 0.090000
2 0.099167 0.526250 0.105000 0.102500
2 0.330833 0.620000 0.051667 0.100000
3 0.415000 0.417500 0.056667 0.045000
0 0.868333 0.430000 0.080000 0.125000
3 0.956667 0.691250 0.016667 0.047500
1 0.184167 0.218750 0.055000 0.062500
3 0.793333 0.592500 0.100000 0.120000
0 0.099167 0.302500 0.088333 0.160000
3 0.620000 0.731250 0.040000 0.042500
3 0.648333 0.205000 0.133333 0.110000
1 0.632500 0.787500 0.031667 0.065000
2 0.682500 0.777500 0.148333 0.215000
1 0.463333 0.557500 0.100000 0.145000
2 0.150833 0.322500 0.165000 0.200000
1 0.550000 0.277500 0.023333 0.050000
3 0.845833 0.400000 0.125000 0.130000
3 0.654167 0.347500 0.038333 0.050000
2 0.732500 0.497500 0.155000 0.250000
2 0.145833 0.187500 0.091667 0.125000
0 0.510000 0.242500 0.133333 0.200000
1 0.823333 0.600000 0.046667 0.075000
1 0.229167 0.760000 0.048333 0.100000
2 0.552500 0.098750 0.078333 0.137500
0 0.673333 0.315000 0.136667 0.230000
1 0.916667 0.752500 0.086667 0.125000
3 0.451667 0.546250 0.026667 0.027500
0 0.247500 0.103750 0.051667 0.077500
1 0.691667 0.317500 0.050000 0.090000
1 0.305000 0.217500 0.103333 0.205000
0 0.462500 0.766250 0.191667 0.227500
0 0.478333 0.387500 0.143333 0.225000
3 0.220000 0.716250 0.033333 0.077500
0 0.713333 0.547500 0.100000 0.160000
2 0.663333 0.347500 0.040000 0.050000
0 0.853333 0.750000 0.143333 0.205000
1 0.490000 0.086250 0.066667 0.102500
2 0.885000 0.733750 0.133333 0.182500
3 0.677500 0.352500 0.048333 0.030000
3 0.420833 0.261250 0.055000 0.052500
3 0.230833 0.255000 0.118333 0.155000
1 0.423333 0.357500 0.063333 0.065000
1 0.587500 0.490000 0.071667 0.095000
