3 0.859167 0.876250 0.068333 0.122500
2 0.600000 0.826250 0.096667 0.137500
0 0.172500 0.767500 0.101667 0.160000
2 0.603333 0.732500 0.060000 0.175000
1 0.274167 0.803750 0.031667 0.047500
1 0.628333 0.513750 0.080000 0.162500
2 0.187500 0.490000 0.031667 0.030000
0 0.155833 0.143750 0.158333 0.267500
2 0.420000 0.571250 0.036667 0.137500
2 0.815833 0.677500 0.148333 0.180000
2 0.210833 0.368750 0.058333 0.087500
0 0.189167 0.523750 0.048333 0.072500
0 0.112500 0.321250 0.091667 0.117500
1 0.823333 0.552500 0.080000 0.155000
1 0.793333 0.626250 0.053333 0.057500
1 0.022500 0.027500 0.031667 0.040000
2 0.552500 0.191250 0.228333 0.327500
2 0.781667 0.683750 0.080000 0.242500
0 0.310000 0.190000 0.180000 0.235000
1 0.277500 0.315000 0.121667 0.155000
3 0.840833 0.170000 0.108333 0.160000
2 0.776667 0.832500 0.080000 0.120000
1 0.600000 0.570000 0.126667 0.150000
3 0.433333 0.595000 0.113333 0.095000
2 0.641667 0.377500 0.130000 0.170000
0 0.228333 0.912500 0.066667 0.100000
1 0.102500 0.581250 0.088333 0.107500
1 0.800000 0.793750 0.096667 0.102500
0 0.715833 0.097500 0.068333 0.115000
0 0.836667 0.118750 0.123333 0.192500
3 0.846667 0.255000 0.040000 0.020000
1 0.201667 0.660000 0.156667 0.180000
2 0.236667 0.656250 0.053333 0.077500
3 0.298333 0.820000 0.056667 0.070000
3 0.511667 0.090000 0.126667 0.100000
1 0.616667 0.216250 0.123333 0.162500
2 0.793333 0.617500 0.110000 0.210000
1 0.277500 0.782500 0.051667 0.060000
2 0.692500 0.612500 0.111667 0.135000
3 0.218333 0.271250 0.100000 0.137500
0 0.304167 0.681250 0.061667 0.092500
2 0.525000 0.743750 0.160000 0.207500
0 0.634167 0.612500 0.105000 0.145000
3 0.564167 0.147500 0.048333 0.110000
2 0.219167 0.093750 0.058333 0.082500
2 0.493333 0.778750 0.150000 0.117500
0 0.293333 0.792500 0.230000 0.315000
3 0.169167 0.546250 0.055000 0.067500
1 0.131667 0.726250 0.133333 0.187500
