0 0.260833 0.787500 0.058333 0.095000
0 0.783333 0.833750 0.050000 0.087500
0 0.460000 0.378750 0.143333 0.177500
0 0.587500 0.471250 0.098333 0.147500
1 0.477500 0.712500 0.131667 0.165000
2 0.821667 0.287500 0.033333 0.105000
1 0.095833 0.478750 0.111667 0.107500
1 0.303333 0.501250 0.116667 0.132500
0 0.114167 0.538750 0.055000 0.092500
1 0.405000 0.577500 0.080000 0.090000
2 0.541667 0.200000 0.126667 0.185000
0 0.048333 0.692500 0.066667 0.105000
1 0.347500 0.531250 0.051667 0.087500
2 0.835833 0.603750 0.138333 0.167500
0 0.443333 0.348750 0.103333 0.167500
2 0.653333 0.716250 0.120000 0.207500
0 0.553333 0.835000 0.056667 0.095000
2 0.305833 0.766250 0.091667 0.092500
1 0.806667 0.305000 0.026667 0.040000
3 0.695833 0.441250 0.111667 0.137500
3 0.321667 0.712500 0.123333 0.150000
2 0.770000 0.241250 0.106667 0.222500
1 0.465833 0.788750 0.088333 0.167500
1 0.930833 0.126250 0.041667 0.087500
3 0.498333 0.377500 0.023333 0.065000
3 0.445000 0.343750 0.023333 0.047500
3 0.470833 0.093750 0.061667 0.092500
3 0.469167 0.856250 0.108333 0.107500
1 0.713333 0.211250 0.123333 0.162500
2 0.397500 0.336250 0.055000 0.072500
0 0.529167 0.223750 0.108333 0.172500
2 0.900833 0.565000 0.035000 0.070000
1 0.065000 0.518750 0.063333 0.102500
0 0.787500 0.718750 0.158333 0.237500
1 0.910000 0.352500 0.056667 0.070000
