0 0.329167 0.946250 0.041667 0.062500
1 0.521667 0.631250 0.130000 0.132500
1 0.490833 0.758750 0.148333 0.167500
0 0.795833 0.485000 0.138333 0.240000
3 0.175000 0.518750 0.086667 0.192500
0 0.280000 0.140000 0.110000 0.130000
0 0.490833 0.357500 0.131667 0.220000
3 0.147500 0.587500 0.061667 0.050000
0 0.629167 0.193750 0.118333 0.232500
0 0.644167 0.747500 0.111667 0.155000
0 0.120000 0.141250 0.133333 0.232500
1 0.112500 0.798750 0.031667 0.037500
1 0.615833 0.382500 0.098333 0.185000
1 0.775000 0.726250 0.146667 0.182500
0 0.821667 0.168750 0.123333 0.152500
2 0.534167 0.181250 0.118333 0.177500
2 0.659167 0.051250 0.045000 0.082500
2 0.573333 0.671250 0.053333 0.072500
2 0.424167 0.411250 0.051667 0.062500
0 0.915000 0.441250 0.110000 0.167500
