2 0.585833 0.175000 0.025000 0.070000
0 0.711667 0.086250 0.076667 0.087500
1 0.156667 0.786250 0.120000 0.167500
1 0.205000 0.603750 0.070000 0.112500
1 0.817500 0.436250 0.118333 0.117500
1 0.960833 0.376250 0.048333 0.072500
0 0.760000 0.085000 0.070000 0.100000
0 0.312500 0.715000 0.065000 0.080000
0 0.562500 0.900000 0.038333 0.055000
1 0.880000 0.528750 0.123333 0.182500
1 0.421667 0.672500 0.086667 0.105000
1 0.769167 0.106250 0.058333 0.097500
1 0.683333 0.226250 0.120000 0.167500
0 0.150000 0.655000 0.093333 0.225000
0 0.724167 0.560000 0.095000 0.145000
1 0.881667 0.346250 0.083333 0.097500
3 0.714167 0.678750 0.045000 0.052500
3 0.332500 0.426250 0.041667 0.032500
0 0.315000 0.756250 0.130000 0.187500
3 0.334167 0.248750 0.088333 0.132500
2 0.699167 0.771250 0.115000 0.147500
3 0.545833 0.341250 0.088333 0.152500
3 0.631667 0.090000 0.040000 0.100000
3 0.255000 0.152500 0.130000 0.085000
0 0.138333 0.430000 0.093333 0.160000
3 0.852500 0.376250 0.078333 0.197500
0 0.265000 0.887500 0.170000 0.200000
1 0.679167 0.306250 0.075000 0.142500
3 0.685833 0.222500 0.071667 0.095000
1 0.460833 0.806250 0.068333 0.077500
3 0.719167 0.505000 0.101667 0.180000
1 0.719167 0.086250 0.125000 0.157500
2 0.377500 0.437500 0.138333 0.205000
1 0.164167 0.130000 0.085000 0.220000
0 0.622500 0.756250 0.111667 0.192500
3 0.603333 0.176250 0.030000 0.027500
3 0.922500 0.411250 0.035000 0.097500
