1 0.140000 0.593750 0.076667 0.202500
2 0.433333 0.170000 0.156667 0.235000
1 0.442500 0.760000 0.111667 0.220000
3 0.400833 0.492500 0.125000 0.160000
1 0.061667 0.723750 0.093333 0.087500
3 0.205000 0.241250 0.100000 0.077500
1 0.437500 0.472500 0.041667 0.055000
1 0.687500 0.332500 0.035000 0.105000
2 0.255000 0.401250 0.133333 0.182500
2 0.428333 0.941250 0.050000 0.052500
0 0.864167 0.522500 0.141667 0.160000
1 0.200833 0.348750 0.138333 0.177500
0 0.546667 0.298750 0.090000 0.127500
2 0.157500 0.625000 0.041667 0.100000
1 0.586667 0.175000 0.140000 0.175000
3 0.719167 0.783750 0.058333 0.047500
3 0.525000 0.213750 0.063333 0.127500
3 0.255000 0.480000 0.063333 0.130000
2 0.249167 0.875000 0.078333 0.145000
0 0.162500 0.527500 0.088333 0.145000
0 0.316667 0.585000 0.066667 0.090000
1 0.903333 0.316250 0.050000 0.067500
0 0.612500 0.891250 0.141667 0.167500
2 0.290833 0.610000 0.035000 0.080000
3 0.339167 0.496250 0.038333 0.037500
0 0.150000 0.660000 0.130000 0.190000
2 0.514167 0.152500 0.055000 0.140000
2 0.787500 0.846250 0.131667 0.202500
1 0.632500 0.196250 0.118333 0.157500
2 0.590000 0.766250 0.113333 0.142500
3 0.485000 0.801250 0.096667 0.137500
0 0.456667 0.752500 0.083333 0.125000
0 0.258333 0.116250 0.063333 0.107500
1 0.296667 0.635000 0.100000 0.150000
1 0.509167 0.886250 0.088333 0.117500
1 0.015833 0.278750 0.031667 0.052500
2 0.367500 0.318750 0.085000 0.097500
1 0.282500 0.613750 0.075000 0.157500
3 0.590833 0.288750 0.078333 0.192500
3 0.134167 0.818750 0.095000 0.102500
2 0.939167 0.215000 0.048333 0.000000
2 0.754167 0.326250 0.045000 0.107500
0 0.624167 0.453750 0.108333 0.142500
0 0.699167 0.106250 0.038333 0.062500
0 0.128333 0.840000 0.033333 0.065000
0 0.775000 0.425000 0.093333 0.140000
1 0.854167 0.682500 0.065000 0.115000
3 0.039167 0.675000 0.028333 0.110000
2 0.866667 0.390000 0.063333 0.095000
