2 0.271667 0.878750 0.056667 0.112500
2 0.425000 0.390000 0.156667 0.210000
0 0.801667 0.341250 0.130000 0.207500
0 0.070833 0.502500 0.041667 0.070000
0 0.350833 0.591250 0.038333 0.052500
0 0.897500 0.253750 0.065000 0.107500
0 0.553333 0.666250 0.146667 0.217500
2 0.575000 0.418750 0.066667 0.097500
2 0.375000 0.507500 0.056667 0.085000
2 0.101667 0.615000 0.113333 0.175000
1 0.189167 0.502500 0.055000 0.060000
3 0.145833 0.777500 0.058333 0.125000
2 0.370000 0.743750 0.046667 0.142500
1 0.276667 0.068750 0.033333 0.042500
2 0.875833 0.856250 0.095000 0.107500
1 0.965833 0.313750 0.038333 0.067500
1 0.345000 0.682500 0.133333 0.155000
1 0.316667 0.503750 0.116667 0.177500
2 0.370000 0.737500 0.033333 0.040000
2 0.335000 0.825000 0.130000 0.155000
1 0.755833 0.785000 0.125000 0.175000
0 0.891667 0.632500 0.046667 0.055000
0 0.863333 0.817500 0.060000 0.090000
1 0.116667 0.748750 0.066667 0.117500
1 0.220000 0.407500 0.046667 0.065000
2 0.789167 0.352500 0.081667 0.115000
3 0.860000 0.465000 0.060000 0.105000
0 0.371667 0.647500 0.060000 0.095000
0 0.795000 0.510000 0.063333 0.110000
3 0.279167 0.818750 0.075000 0.087500
2 0.312500 0.441250 0.091667 0.132500
1 0.945000 0.081250 0.056667 0.072500
0 0.514167 0.543750 0.118333 0.192500
3 0.823333 0.081250 0.080000 0.082500
3 0.286667 0.802500 0.080000 0.135000
3 0.680000 0.653750 0.033333 0.032500
3 0.860833 0.162500 0.058333 0.165000
0 0.746667 0.570000 0.116667 0.135000
0 0.085833 0.282500 0.068333 0.100000
0 0.708333 0.421250 0.053333 0.082500
1 0.280000 0.196250 0.110000 0.162500
3 0.275000 0.138750 0.120000 0.147500
1 0.275833 0.860000 0.041667 0.085000
3 0.800000 0.707500 0.120000 0.160000
0 0.546667 0.806250 0.106667 0.162500
2 0.125000 0.340000 0.056667 0.070000
