2 0.360833 0.413750 0.108333 0.172500
0 0.092500 0.377500 0.105000 0.125000
0 0.628333 0.831250 0.110000 0.152500
3 0.899167 0.201250 0.071667 0.057500
1 0.669167 0.245000 0.125000 0.145000
2 0.065833 0.070000 0.038333 0.080000
2 0.317500 0.572500 0.168333 0.205000
0 0.451667 0.543750 0.043333 0.062500
3 0.535000 0.433750 0.073333 0.172500
3 0.079167 0.580000 0.058333 0.175000
2 0.545000 0.886250 0.090000 0.137500
3 0.507500 0.446250 0.058333 0.047500
0 0.185833 0.308750 0.055000 0.087500
1 0.253333 0.385000 0.110000 0.130000
0 0.647500 0.597500 0.141667 0.200000
2 0.702500 0.522500 0.115000 0.115000
2 0.671667 0.333750 0.120000 0.217500
0 0.448333 0.478750 0.116667 0.262500
1 0.167500 0.392500 0.031667 0.065000
3 0.626667 0.080000 0.056667 0.155000
0 0.481667 0.753750 0.040000 0.067500
0 0.385833 0.755000 0.081667 0.135000
2 0.035833 0.318750 0.048333 0.097500
1 0.518333 0.571250 0.090000 0.192500
2 0.192500 0.510000 0.135000 0.195000
1 0.457500 0.770000 0.121667 0.145000
1 0.636667 0.417500 0.133333 0.200000
1 0.751667 0.675000 0.123333 0.245000
0 0.840833 0.765000 0.161667 0.240000
2 0.520833 0.245000 0.168333 0.170000
1 0.135833 0.266250 0.095000 0.167500
3 0.770833 0.137500 0.078333 0.095000
0 0.666667 0.427500 0.120000 0.165000
1 0.321667 0.753750 0.093333 0.172500
0 0.728333 0.805000 0.140000 0.200000
1 0.452500 0.873750 0.141667 0.212500
0 0.706667 0.217500 0.156667 0.225000
1 0.613333 0.491250 0.073333 0.092500
