0 0.885833 0.403750 0.148333 0.237500
1 0.113333 0.091250 0.100000 0.147500
0 0.791667 0.516250 0.033333 0.052500
1 0.619167 0.345000 0.111667 0.130000
2 0.723333 0.505000 0.056667 0.130000
2 0.392500 0.435000 0.115000 0.140000
3 0.388333 0.222500 0.116667 0.085000
0 0.552500 0.638750 0.138333 0.182500
1 0.134167 0.121250 0.131667 0.147500
0 0.534167 0.633750 0.138333 0.217500
2 0.420000 0.608750 0.106667 0.157500
2 0.123333 0.220000 0.156667 0.125000
3 0.180833 0.315000 0.041667 0.060000
2 0.314167 0.276250 0.091667 0.107500
2 0.045000 0.686250 0.053333 0.087500
1 0.814167 0.626250 0.098333 0.187500
1 0.240833 0.836250 0.155000 0.187500
3 0.412500 0.055000 0.038333 0.035000
3 0.871667 0.387500 0.093333 0.105000
3 0.699167 0.916250 0.061667 0.082500
0 0.528333 0.272500 0.053333 0.090000
1 0.805000 0.071250 0.080000 0.122500
0 0.229167 0.276250 0.125000 0.182500
1 0.913333 0.506250 0.056667 0.112500
0 0.533333 0.795000 0.106667 0.160000
1 0.402500 0.591250 0.101667 0.157500
2 0.293333 0.747500 0.103333 0.155000
2 0.081667 0.621250 0.063333 0.047500
