1 0.358333 0.925000 0.030000 0.065000
0 0.930833 0.638750 0.091667 0.192500
1 0.672500 0.701250 0.121667 0.127500
0 0.339167 0.681250 0.031667 0.052500
1 0.345000 0.611250 0.043333 0.057500
2 0.242500 0.287500 0.038333 0.055000
0 0.479167 0.403750 0.058333 0.087500
2 0.665000 0.825000 0.100000 0.145000
0 0.963333 0.302500 0.043333 0.060000
3 0.880833 0.816250 0.041667 0.117500
2 0.615833 0.133750 0.171667 0.182500
1 0.501667 0.156250 0.090000 0.187500
2 0.793333 0.423750 0.070000 0.167500
0 0.589167 0.590000 0.098333 0.195000
0 0.761667 0.431250 0.090000 0.142500
2 0.100000 0.870000 0.033333 0.075000
2 0.348333 0.243750 0.176667 0.252500
1 0.859167 0.776250 0.031667 0.047500
1 0.538333 0.241250 0.070000 0.137500
2 0.223333 0.925000 0.076667 0.130000
2 0.345000 0.426250 0.050000 0.057500
1 0.530000 0.172500 0.070000 0.130000
3 0.613333 0.662500 0.133333 0.165000
3 0.821667 0.796250 0.100000 0.112500
0 0.425000 0.520000 0.036667 0.060000
2 0.438333 0.041250 0.060000 0.062500
2 0.700000 0.863750 0.106667 0.102500
2 0.221667 0.832500 0.130000 0.235000
2 0.433333 0.165000 0.060000 0.090000
0 0.059167 0.617500 0.081667 0.135000
2 0.678333 0.158750 0.053333 0.057500
2 0.735833 0.703750 0.081667 0.137500
1 0.356667 0.150000 0.083333 0.105000
1 0.512500 0.756250 0.085000 0.112500
0 0.335833 0.730000 0.095000 0.130000
3 0.841667 0.075000 0.110000 0.140000
0 0.195000 0.335000 0.126667 0.215000
1 0.435000 0.240000 0.116667 0.145000
0 0.473333 0.791250 0.133333 0.212500
3 0.378333 0.400000 0.103333 0.105000
2 0.297500 0.122500 0.041667 0.195000
1 0.103333 0.175000 0.106667 0.125000
0 0.136667 0.815000 0.110000 0.165000
1 0.122500 0.376250 0.025000 0.027500
1 0.339167 0.563750 0.151667 0.192500
1 0.757500 0.476250 0.028333 0.047500
2 0.226667 0.785000 0.130000 0.215000
