1 0.350833 0.528750 0.058333 0.072500
1 0.804167 0.323750 0.045000 0.117500
3 0.629167 0.602500 0.048333 0.050000
3 0.268333 0.611250 0.113333 0.097500
3 0.380000 0.141250 0.120000 0.172500
2 0.260833 0.673750 0.038333 0.072500
1 0.830000 0.345000 0.130000 0.165000
3 0.025833 0.058750 0.028333 0.042500
1 0.470000 0.671250 0.060000 0.072500
2 0.634167 0.243750 0.141667 0.217500
0 0.700000 0.857500 0.060000 0.110000
3 0.562500 0.093750 0.101667 0.147500
0 0.538333 0.770000 0.166667 0.195000
0 0.620833 0.700000 0.135000 0.220000
3 0.220833 0.725000 0.131667 0.165000
2 0.146667 0.630000 0.050000 0.075000
1 0.505833 0.087500 0.035000 0.050000
3 0.890833 0.146250 0.051667 0.052500
1 0.545833 0.737500 0.065000 0.095000
0 0.200000 0.868750 0.143333 0.167500
0 0.350000 0.563750 0.160000 0.257500
2 0.882500 0.780000 0.068333 0.085000
3 0.417500 0.246250 0.125000 0.072500
1 0.766667 0.660000 0.096667 0.155000
1 0.184167 0.912500 0.055000 0.065000
1 0.814167 0.566250 0.055000 0.067500
1 0.420833 0.421250 0.121667 0.187500
1 0.725000 0.168750 0.086667 0.112500
3 0.087500 0.081250 0.111667 0.082500
3 0.297500 0.262500 0.085000 0.195000
3 0.488333 0.252500 0.110000 0.105000
3 0.385833 0.110000 0.071667 0.160000
2 0.675000 0.533750 0.130000 0.207500
3 0.664167 0.168750 0.108333 0.127500
0 0.442500 0.858750 0.071667 0.112500
2 0.762500 0.591250 0.095000 0.187500
3 0.711667 0.353750 0.083333 0.117500
0 0.078333 0.737500 0.143333 0.225000
2 0.201667 0.870000 0.070000 0.180000
3 0.328333 0.828750 0.033333 0.032500
2 0.334167 0.620000 0.065000 0.090000
3 0.201667 0.418750 0.126667 0.137500
0 0.108333 0.478750 0.050000 0.077500
2 0.498333 0.725000 0.150000 0.170000
