0 0.455833 0.485000 0.071667 0.085000
0 0.720833 0.448750 0.101667 0.152500
3 0.937500 0.610000 0.028333 0.075000
1 0.085000 0.691250 0.066667 0.117500
2 0.469167 0.536250 0.045000 0.067500
2 0.722500 0.820000 0.045000 0.090000
1 0.646667 0.415000 0.086667 0.105000
3 0.143333 0.613750 0.063333 0.187500
2 0.075833 0.480000 0.108333 0.240000
1 0.408333 0.661250 0.040000 0.047500
0 0.885833 0.685000 0.088333 0.105000
3 0.465000 0.640000 0.076667 0.110000
1 0.069167 0.473750 0.098333 0.202500
2 0.533333 0.500000 0.043333 0.065000
1 0.416667 0.322500 0.086667 0.140000
3 0.825833 0.272500 0.068333 0.075000
1 0.820833 0.331250 0.145000 0.192500
3 0.115833 0.203750 0.068333 0.102500
2 0.765000 0.276250 0.106667 0.087500
3 0.104167 0.563750 0.041667 0.052500
2 0.222500 0.448750 0.095000 0.087500
2 0.573333 0.536250 0.126667 0.217500
2 0.831667 0.367500 0.096667 0.135000
3 0.495833 0.220000 0.028333 0.025000
