1 0.241667 0.305000 0.096667 0.165000
3 0.562500 0.256250 0.041667 0.097500
1 0.340833 0.392500 0.068333 0.150000
3 0.543333 0.238750 0.040000 0.047500
3 0.543333 0.171250 0.096667 0.277500
2 0.143333 0.685000 0.120000 0.250000
0 0.682500 0.286250 0.191667 0.287500
3 0.100833 0.403750 0.038333 0.057500
1 0.212500 0.785000 0.111667 0.135000
3 0.270000 0.686250 0.106667 0.127500
2 0.297500 0.735000 0.121667 0.120000
3 0.746667 0.185000 0.040000 0.095000
0 0.674167 0.346250 0.131667 0.202500
3 0.064167 0.941250 0.025000 0.047500
3 0.436667 0.181250 0.113333 0.132500
3 0.396667 0.737500 0.046667 0.040000
2 0.545833 0.423750 0.075000 0.077500
3 0.758333 0.656250 0.066667 0.107500
2 0.043333 0.496250 0.063333 0.082500
0 0.508333 0.128750 0.140000 0.177500
1 0.422500 0.568750 0.121667 0.127500
0 0.570833 0.506250 0.165000 0.272500
1 0.587500 0.825000 0.051667 0.090000
0 0.319167 0.065000 0.048333 0.075000
1 0.913333 0.250000 0.026667 0.045000
2 0.915833 0.062500 0.105000 0.095000
2 0.137500 0.817500 0.128333 0.205000
3 0.725000 0.780000 0.076667 0.185000
3 0.081667 0.371250 0.113333 0.117500
2 0.457500 0.136250 0.088333 0.227500
0 0.330000 0.170000 0.113333 0.190000
3 0.865833 0.588750 0.085000 0.097500
1 0.096667 0.442500 0.143333 0.175000
0 0.440833 0.473750 0.131667 0.192500
1 0.611667 0.217500 0.090000 0.110000
1 0.461667 0.751250 0.086667 0.172500
1 0.399167 0.473750 0.045000 0.087500
2 0.580833 0.747500 0.058333 0.090000
0 0.284167 0.351250 0.055000 0.087500
1 0.071667 0.818750 0.050000 0.077500
2 0.532500 0.131250 0.145000 0.117500
0 0.330833 0.342500 0.161667 0.205000
3 0.802500 0.880000 0.055000 0.065000
2 0.293333 0.683750 0.103333 0.132500
1 0.830000 0.422500 0.126667 0.230000
2 0.655833 0.771250 0.038333 0.067500
2 0.683333 0.158750 0.153333 0.177500
0 0.850000 0.721250 0.173333 0.202500
2 0.109167 0.768750 0.065000 0.152500
