3 0.778333 0.463750 0.126667 0.102500
0 0.457500 0.747500 0.135000 0.155000
2 0.405833 0.378750 0.135000 0.152500
2 0.115833 0.671250 0.151667 0.217500
3 0.500000 0.940000 0.036667 0.050000
1 0.620833 0.877500 0.181667 0.190000
2 0.343333 0.206250 0.086667 0.112500
2 0.594167 0.852500 0.128333 0.215000
2 0.853333 0.706250 0.070000 0.067500
1 0.590833 0.222500 0.101667 0.115000
2 0.255833 0.392500 0.091667 0.155000
0 0.869167 0.750000 0.145000 0.195000
0 0.727500 0.873750 0.038333 0.057500
0 0.715833 0.341250 0.165000 0.247500
2 0.430833 0.308750 0.141667 0.182500
0 0.554167 0.812500 0.145000 0.195000
2 0.607500 0.181250 0.001667 0.162500
1 0.494167 0.210000 0.061667 0.100000
0 0.820833 0.840000 0.095000 0.145000
2 0.718333 0.640000 0.056667 0.070000
1 0.596667 0.658750 0.053333 0.142500
1 0.927500 0.701250 0.045000 0.082500
0 0.951667 0.383750 0.000000 0.072500
2 0.821667 0.092500 0.136667 0.175000
2 0.795833 0.768750 0.068333 0.112500
3 0.752500 0.643750 0.068333 0.182500
3 0.747500 0.192500 0.095000 0.070000
2 0.185833 0.318750 0.138333 0.227500
0 0.802500 0.693750 0.118333 0.202500
2 0.914167 0.183750 0.071667 0.102500
0 0.165000 0.650000 0.153333 0.230000
1 0.524167 0.346250 0.081667 0.167500
0 0.224167 0.362500 0.118333 0.150000
0 0.295000 0.116250 0.153333 0.227500
2 0.325000 0.557500 0.073333 0.110000
1 0.023333 0.497500 0.026667 0.070000
1 0.725000 0.297500 0.090000 0.195000
3 0.264167 0.527500 0.071667 0.100000
1 0.451667 0.791250 0.103333 0.137500
3 0.830833 0.858750 0.058333 0.062500
1 0.427500 0.265000 0.081667 0.105000
