1 0.070000 0.086250 0.103333 0.137500
3 0.305833 0.905000 0.055000 0.065000
3 0.630833 0.186250 0.095000 0.107500
3 0.587500 0.182500 0.038333 0.065000
0 0.323333 0.131250 0.076667 0.117500
1 0.067500 0.357500 0.091667 0.140000
3 0.381667 0.390000 0.140000 0.205000
1 0.307500 0.662500 0.085000 0.165000
1 0.123333 0.587500 0.126667 0.160000
0 0.098333 0.448750 0.073333 0.162500
3 0.309167 0.207500 0.221667 0.220000
3 0.116667 0.495000 0.113333 0.115000
3 0.164167 0.262500 0.105000 0.120000
2 0.714167 0.880000 0.051667 0.080000
3 0.649167 0.160000 0.021667 0.055000
1 0.786667 0.682500 0.060000 0.060000
0 0.720000 0.725000 0.080000 0.120000
