3 0.420000 0.363750 0.070000 0.132500
0 0.314167 0.801250 0.045000 0.062500
1 0.606667 0.232500 0.033333 0.055000
0 0.273333 0.616250 0.133333 0.217500
2 0.050000 0.505000 0.070000 0.105000
3 0.456667 0.513750 0.180000 0.302500
1 0.892500 0.145000 0.071667 0.070000
1 0.770000 0.642500 0.120000 0.210000
0 0.313333 0.865000 0.116667 0.190000
3 0.581667 0.511250 0.076667 0.077500
0 0.889167 0.376250 0.108333 0.132500
2 0.153333 0.103750 0.123333 0.167500
3 0.174167 0.470000 0.028333 0.060000
0 0.435000 0.396250 0.143333 0.212500
1 0.057500 0.671250 0.051667 0.117500
0 0.449167 0.647500 0.128333 0.175000
3 0.511667 0.556250 0.083333 0.092500
2 0.580833 0.871250 0.041667 0.077500
0 0.681667 0.206250 0.070000 0.082500
3 0.117500 0.815000 0.091667 0.145000
0 0.613333 0.568750 0.090000 0.147500
0 0.210833 0.751250 0.061667 0.087500
3 0.635833 0.855000 0.061667 0.060000
0 0.844167 0.658750 0.075000 0.147500
3 0.205833 0.493750 0.081667 0.147500
2 0.841667 0.600000 0.056667 0.060000
0 0.535000 0.478750 0.070000 0.127500
