2 0.682500 0.847500 0.108333 0.095000
3 0.324167 0.796250 0.035000 0.057500
2 0.795833 0.077500 0.025000 0.065000
2 0.039167 0.116250 0.051667 0.082500
0 0.799167 0.187500 0.128333 0.200000
2 0.355833 0.781250 0.121667 0.247500
2 0.937500 0.582500 0.038333 0.080000
0 0.882500 0.510000 0.045000 0.070000
0 0.952500 0.498750 0.001667 0.142500
0 0.119167 0.151250 0.121667 0.137500
0 0.636667 0.068750 0.073333 0.137500
3 0.486667 0.627500 0.083333 0.110000
0 0.776667 0.213750 0.146667 0.222500
3 0.681667 0.780000 0.040000 0.135000
3 0.133333 0.437500 0.106667 0.160000
1 0.490000 0.526250 0.096667 0.112500
3 0.265833 0.472500 0.051667 0.060000
3 0.430833 0.191250 0.055000 0.057500
1 0.066667 0.757500 0.066667 0.155000
2 0.307500 0.902500 0.045000 0.040000
0 0.618333 0.881250 0.160000 0.212500
0 0.353333 0.688750 0.133333 0.197500
1 0.518333 0.538750 0.033333 0.057500
0 0.593333 0.873750 0.116667 0.167500
3 0.861667 0.093750 0.086667 0.102500
3 0.681667 0.802500 0.036667 0.065000
