1 0.245833 0.491250 0.091667 0.112500
2 0.718333 0.225000 0.060000 0.140000
0 0.269167 0.470000 0.125000 0.200000
2 0.408333 0.772500 0.120000 0.160000
2 0.487500 0.277500 0.098333 0.185000
2 0.702500 0.507500 0.045000 0.050000
0 0.145000 0.616250 0.103333 0.142500
1 0.808333 0.346250 0.113333 0.132500
1 0.049167 0.157500 0.098333 0.125000
1 0.280833 0.217500 0.121667 0.180000
3 0.586667 0.361250 0.086667 0.112500
2 0.142500 0.638750 0.098333 0.117500
1 0.489167 0.471250 0.098333 0.102500
0 0.436667 0.490000 0.163333 0.185000
3 0.773333 0.646250 0.053333 0.087500
2 0.544167 0.806250 0.151667 0.182500
2 0.210833 0.567500 0.098333 0.130000
3 0.182500 0.522500 0.091667 0.085000
3 0.927500 0.120000 0.095000 0.095000
1 0.789167 0.128750 0.065000 0.077500
1 0.731667 0.553750 0.050000 0.062500
0 0.719167 0.533750 0.088333 0.172500
0 0.420833 0.870000 0.141667 0.220000
3 0.861667 0.646250 0.200000 0.297500
0 0.180000 0.528750 0.090000 0.137500
3 0.137500 0.327500 0.125000 0.095000
1 0.023333 0.580000 0.030000 0.050000
2 0.586667 0.366250 0.046667 0.072500
2 0.244167 0.736250 0.058333 0.087500
3 0.461667 0.832500 0.026667 0.020000
0 0.465833 0.090000 0.051667 0.085000
