3 0.646667 0.526250 0.126667 0.112500
0 0.328333 0.100000 0.046667 0.075000
2 0.527500 0.508750 0.105000 0.097500
0 0.084167 0.585000 0.138333 0.175000
0 0.217500 0.326250 0.145000 0.217500
2 0.130833 0.720000 0.108333 0.200000
2 0.210833 0.221250 0.051667 0.052500
2 0.119167 0.413750 0.048333 0.132500
3 0.379167 0.322500 0.051667 0.170000
3 0.035000 0.530000 0.060000 0.105000
0 0.425833 0.512500 0.081667 0.120000
0 0.617500 0.510000 0.088333 0.130000
0 0.755833 0.370000 0.118333 0.180000
2 0.441667 0.718750 0.166667 0.222500
1 0.631667 0.201250 0.076667 0.157500
1 0.233333 0.190000 0.100000 0.165000
1 0.794167 0.545000 0.035000 0.065000
2 0.490000 0.866250 0.053333 0.062500
3 0.334167 0.460000 0.021667 0.050000
2 0.896667 0.251250 0.046667 0.032500
2 0.576667 0.801250 0.073333 0.127500
1 0.069167 0.330000 0.101667 0.165000
2 0.915000 0.725000 0.146667 0.210000
0 0.376667 0.650000 0.080000 0.120000
