1 0.404167 0.247500 0.078333 0.100000
0 0.780000 0.881250 0.146667 0.212500
0 0.188333 0.127500 0.163333 0.245000
3 0.320833 0.087500 0.038333 0.115000
1 0.643333 0.383750 0.066667 0.087500
3 0.715000 0.137500 0.126667 0.185000
1 0.060833 0.333750 0.068333 0.082500
3 0.279167 0.477500 0.098333 0.100000
1 0.261667 0.706250 0.056667 0.052500
1 0.127500 0.135000 0.035000 0.065000
2 0.252500 0.142500 0.075000 0.130000
2 0.618333 0.132500 0.020000 0.080000
3 0.092500 0.097500 0.051667 0.105000
1 0.714167 0.408750 0.055000 0.092500
1 0.845000 0.832500 0.040000 0.070000
1 0.119167 0.713750 0.091667 0.107500
2 0.702500 0.945000 0.048333 0.070000
1 0.917500 0.395000 0.048333 0.055000
2 0.055833 0.567500 0.101667 0.235000
1 0.143333 0.316250 0.126667 0.147500
3 0.118333 0.806250 0.096667 0.157500
0 0.208333 0.673750 0.080000 0.117500
3 0.549167 0.817500 0.065000 0.110000
2 0.174167 0.256250 0.151667 0.227500
2 0.530000 0.453750 0.100000 0.002500
2 0.390833 0.332500 0.031667 0.055000
3 0.242500 0.252500 0.081667 0.090000
2 0.623333 0.578750 0.090000 0.187500
0 0.820000 0.225000 0.086667 0.160000
2 0.206667 0.692500 0.083333 0.050000
0 0.667500 0.290000 0.068333 0.100000
3 0.072500 0.195000 0.108333 0.150000
1 0.816667 0.677500 0.123333 0.185000
2 0.812500 0.738750 0.071667 0.107500
3 0.805833 0.822500 0.068333 0.060000
0 0.358333 0.455000 0.126667 0.190000
3 0.819167 0.086250 0.031667 0.057500
3 0.708333 0.807500 0.080000 0.090000
2 0.546667 0.443750 0.150000 0.192500
2 0.094167 0.103750 0.031667 0.047500
