3 0.085000 0.230000 0.120000 0.145000
0 0.349167 0.305000 0.158333 0.235000
2 0.096667 0.867500 0.110000 0.225000
1 0.685833 0.472500 0.128333 0.200000
2 0.397500 0.828750 0.075000 0.062500
0 0.635000 0.488750 0.056667 0.092500
1 0.721667 0.422500 0.083333 0.095000
1 0.276667 0.375000 0.100000 0.150000
3 0.053333 0.921250 0.036667 0.042500
3 0.740833 0.295000 0.025000 0.035000
1 0.542500 0.190000 0.128333 0.145000
3 0.047500 0.157500 0.068333 0.060000
2 0.751667 0.056250 0.066667 0.067500
2 0.247500 0.563750 0.131667 0.227500
0 0.635833 0.812500 0.148333 0.195000
0 0.416667 0.615000 0.123333 0.200000
