0 0.428333 0.666250 0.143333 0.187500
1 0.079167 0.535000 0.098333 0.090000
2 0.670000 0.343750 0.040000 0.057500
3 0.456667 0.382500 0.036667 0.055000
1 0.276667 0.642500 0.146667 0.195000
2 0.306667 0.875000 0.060000 0.090000
3 0.835833 0.383750 0.041667 0.092500
3 0.099167 0.593750 0.068333 0.112500
1 0.825833 0.736250 0.115000 0.217500
0 0.148333 0.228750 0.123333 0.212500
3 0.632500 0.767500 0.051667 0.080000
3 0.050833 0.185000 0.098333 0.080000
1 0.878333 0.513750 0.053333 0.072500
2 0.840833 0.785000 0.168333 0.220000
0 0.769167 0.403750 0.058333 0.072500
1 0.396667 0.038750 0.023333 0.052500
0 0.149167 0.393750 0.058333 0.087500
3 0.718333 0.448750 0.046667 0.072500
2 0.823333 0.271250 0.063333 0.132500
2 0.412500 0.605000 0.131667 0.190000
2 0.130833 0.665000 0.085000 0.125000
2 0.600833 0.851250 0.081667 0.092500
0 0.641667 0.746250 0.070000 0.102500
1 0.525000 0.648750 0.053333 0.057500
0 0.906667 0.631250 0.056667 0.092500
0 0.080833 0.341250 0.155000 0.217500
3 0.137500 0.390000 0.105000 0.140000
3 0.382500 0.130000 0.078333 0.180000
3 0.354167 0.777500 0.095000 0.090000
0 0.540000 0.835000 0.040000 0.065000
3 0.184167 0.301250 0.055000 0.047500
0 0.746667 0.385000 0.076667 0.115000
0 0.752500 0.458750 0.135000 0.202500
1 0.220833 0.410000 0.111667 0.140000
0 0.172500 0.438750 0.141667 0.207500
1 0.680000 0.726250 0.023333 0.047500
1 0.295833 0.237500 0.071667 0.105000
3 0.398333 0.680000 0.066667 0.195000
3 0.715000 0.692500 0.043333 0.050000
3 0.729167 0.186250 0.135000 0.152500
1 0.118333 0.753750 0.096667 0.112500
1 0.285833 0.275000 0.031667 0.040000
2 0.549167 0.690000 0.141667 0.155000
3 0.727500 0.613750 0.091667 0.177500
1 0.891667 0.653750 0.130000 0.157500
2 0.226667 0.462500 0.090000 0.125000
1 0.277500 0.768750 0.068333 0.192500
2 0.504167 0.095000 0.068333 0.180000
1 0.634167 0.461250 0.121667 0.172500
