1 0.768333 0.472500 0.030000 0.070000
1 0.535833 0.407500 0.088333 0.115000
0 0.589167 0.192500 0.088333 0.155000
2 0.769167 0.190000 0.118333 0.235000
0 0.816667 0.888750 0.070000 0.097500
0 0.674167 0.151250 0.028333 0.037500
0 0.137500 0.262500 0.135000 0.235000
0 0.319167 0.891250 0.058333 0.102500
1 0.535833 0.375000 0.075000 0.110000
2 0.666667 0.223750 0.056667 0.082500
2 0.391667 0.148750 0.140000 0.177500
2 0.573333 0.163750 0.103333 0.217500
2 0.589167 0.730000 0.151667 0.185000
2 0.920833 0.398750 0.078333 0.107500
3 0.250833 0.111250 0.128333 0.147500
2 0.505000 0.697500 0.060000 0.065000
2 0.592500 0.513750 0.105000 0.167500
1 0.052500 0.936250 0.031667 0.052500
0 0.117500 0.330000 0.115000 0.205000
0 0.323333 0.582500 0.043333 0.065000
1 0.184167 0.086250 0.078333 0.122500
3 0.874167 0.206250 0.051667 0.097500
1 0.296667 0.723750 0.106667 0.167500
2 0.584167 0.358750 0.168333 0.237500
3 0.233333 0.162500 0.046667 0.060000
3 0.400833 0.672500 0.111667 0.125000
3 0.554167 0.227500 0.078333 0.160000
2 0.786667 0.273750 0.133333 0.092500
1 0.847500 0.168750 0.045000 0.097500
3 0.296667 0.120000 0.066667 0.135000
0 0.471667 0.697500 0.160000 0.230000
3 0.913333 0.728750 0.023333 0.052500
3 0.525000 0.533750 0.046667 0.117500
0 0.545000 0.456250 0.156667 0.217500
3 0.413333 0.276250 0.093333 0.192500
2 0.404167 0.468750 0.051667 0.062500
2 0.612500 0.456250 0.078333 0.157500
1 0.149167 0.473750 0.055000 0.082500
3 0.347500 0.827500 0.055000 0.155000
2 0.658333 0.572500 0.026667 0.050000
0 0.600833 0.367500 0.048333 0.065000
1 0.623333 0.836250 0.080000 0.092500
2 0.610833 0.273750 0.025000 0.077500
0 0.511667 0.520000 0.153333 0.190000
0 0.410000 0.433750 0.150000 0.232500
1 0.738333 0.392500 0.080000 0.115000
2 0.229167 0.801250 0.121667 0.202500
