2 0.211667 0.132500 0.040000 0.140000
2 0.939167 0.328750 0.038333 0.037500
0 0.055000 0.382500 0.086667 0.130000
1 0.935000 0.181250 0.080000 0.137500
2 0.212500 0.335000 0.061667 0.080000
1 0.385833 0.771250 0.035000 0.057500
1 0.176667 0.226250 0.066667 0.127500
1 0.816667 0.837500 0.036667 0.045000
3 0.679167 0.681250 0.038333 0.057500
3 0.902500 0.367500 0.058333 0.135000
1 0.805833 0.442500 0.135000 0.160000
1 0.474167 0.670000 0.028333 0.060000
3 0.083333 0.357500 0.033333 0.040000
2 0.255000 0.360000 0.010000 0.225000
0 0.287500 0.493750 0.101667 0.157500
2 0.254167 0.687500 0.081667 0.145000
0 0.158333 0.118750 0.090000 0.142500
3 0.801667 0.346250 0.210000 0.177500
0 0.262500 0.822500 0.125000 0.260000
3 0.273333 0.416250 0.080000 0.187500
1 0.125000 0.237500 0.083333 0.090000
3 0.585000 0.857500 0.106667 0.105000
3 0.479167 0.083750 0.111667 0.122500
0 0.400000 0.667500 0.053333 0.070000
0 0.525833 0.936250 0.025000 0.057500
2 0.730833 0.567500 0.045000 0.075000
0 0.686667 0.337500 0.110000 0.155000
3 0.621667 0.103750 0.113333 0.092500
3 0.460000 0.507500 0.040000 0.035000
3 0.575000 0.565000 0.036667 0.060000
