2 0.903333 0.631250 0.046667 0.072500
0 0.244167 0.672500 0.035000 0.055000
3 0.350000 0.090000 0.050000 0.060000
1 0.623333 0.358750 0.056667 0.067500
0 0.149167 0.503750 0.178333 0.222500
1 0.884167 0.193750 0.078333 0.112500
2 0.622500 0.618750 0.088333 0.192500
0 0.155000 0.302500 0.136667 0.200000
3 0.690000 0.720000 0.140000 0.150000
3 0.795000 0.052500 0.090000 0.085000
1 0.220000 0.600000 0.133333 0.150000
2 0.625000 0.257500 0.100000 0.135000
3 0.685000 0.077500 0.083333 0.080000
2 0.751667 0.700000 0.106667 0.100000
0 0.533333 0.738750 0.036667 0.092500
0 0.195833 0.562500 0.198333 0.275000
0 0.342500 0.165000 0.061667 0.115000
3 0.054167 0.348750 0.105000 0.107500
0 0.642500 0.323750 0.068333 0.102500
2 0.242500 0.316250 0.058333 0.052500
1 0.221667 0.718750 0.076667 0.117500
3 0.080833 0.313750 0.045000 0.082500
3 0.808333 0.888750 0.076667 0.082500
2 0.844167 0.350000 0.145000 0.140000
0 0.928333 0.472500 0.106667 0.125000
1 0.500833 0.580000 0.095000 0.125000
2 0.231667 0.793750 0.040000 0.037500
0 0.837500 0.623750 0.191667 0.287500
1 0.361667 0.298750 0.063333 0.102500
2 0.740000 0.363750 0.106667 0.127500
3 0.382500 0.522500 0.085000 0.110000
2 0.796667 0.593750 0.126667 0.187500
0 0.697500 0.285000 0.038333 0.045000
1 0.696667 0.841250 0.096667 0.177500
0 0.782500 0.432500 0.055000 0.085000
1 0.423333 0.425000 0.116667 0.160000
0 0.547500 0.683750 0.148333 0.197500
0 0.767500 0.246250 0.038333 0.057500
0 0.121667 0.781250 0.033333 0.057500
0 0.964167 0.373750 0.038333 0.067500
2 0.650833 0.500000 0.091667 0.245000
1 0.455000 0.552500 0.126667 0.155000
3 0.887500 0.650000 0.035000 0.045000
1 0.898333 0.798750 0.036667 0.087500
1 0.591667 0.078750 0.070000 0.102500
3 0.831667 0.195000 0.053333 0.160000
3 0.720833 0.723750 0.098333 0.157500
2 0.333333 0.727500 0.113333 0.185000
2 0.195000 0.318750 0.060000 0.182500
0 0.071667 0.212500 0.070000 0.110000
