0 0.729167 0.788750 0.145000 0.227500
2 0.139167 0.607500 0.045000 0.120000
0 0.303333 0.308750 0.040000 0.052500
3 0.723333 0.713750 0.026667 0.027500
1 0.073333 0.307500 0.056667 0.060000
0 0.270000 0.597500 0.083333 0.200000
0 0.335833 0.810000 0.111667 0.125000
0 0.125000 0.290000 0.116667 0.155000
1 0.767500 0.391250 0.055000 0.072500
1 0.666667 0.308750 0.070000 0.122500
2 0.741667 0.452500 0.080000 0.110000
2 0.491667 0.243750 0.026667 0.062500
2 0.674167 0.310000 0.121667 0.145000
3 0.946667 0.747500 0.073333 0.110000
3 0.131667 0.868750 0.080000 0.067500
2 0.690833 0.435000 0.031667 0.050000
0 0.564167 0.150000 0.095000 0.120000
2 0.667500 0.625000 0.135000 0.195000
0 0.680000 0.590000 0.116667 0.185000
1 0.099167 0.056250 0.038333 0.067500
0 0.535000 0.387500 0.150000 0.245000
1 0.275000 0.340000 0.110000 0.110000
0 0.514167 0.870000 0.051667 0.110000
2 0.293333 0.191250 0.093333 0.102500
2 0.925000 0.866250 0.043333 0.032500
0 0.580833 0.831250 0.091667 0.127500
1 0.665000 0.695000 0.066667 0.145000
3 0.235833 0.796250 0.028333 0.032500
2 0.703333 0.690000 0.090000 0.120000
0 0.911667 0.588750 0.153333 0.267500
1 0.596667 0.702500 0.086667 0.155000
2 0.649167 0.616250 0.038333 0.092500
2 0.643333 0.590000 0.136667 0.240000
0 0.411667 0.180000 0.120000 0.180000
0 0.906667 0.125000 0.060000 0.095000
2 0.657500 0.155000 0.068333 0.100000
1 0.349167 0.812500 0.131667 0.210000
3 0.145833 0.665000 0.051667 0.075000
0 0.805000 0.221250 0.100000 0.142500
