0 0.141667 0.700000 0.130000 0.195000
1 0.417500 0.803750 0.091667 0.177500
1 0.589167 0.705000 0.068333 0.135000
0 0.285000 0.202500 0.136667 0.185000
3 0.563333 0.475000 0.103333 0.130000
3 0.307500 0.295000 0.041667 0.070000
1 0.805833 0.427500 0.125000 0.175000
2 0.110833 0.221250 0.098333 0.202500
1 0.212500 0.816250 0.085000 0.182500
2 0.446667 0.258750 0.086667 0.107500
1 0.262500 0.585000 0.101667 0.160000
3 0.782500 0.165000 0.058333 0.175000
2 0.491667 0.437500 0.090000 0.115000
3 0.677500 0.868750 0.095000 0.077500
1 0.379167 0.665000 0.108333 0.165000
0 0.356667 0.362500 0.173333 0.245000
1 0.375833 0.821250 0.101667 0.097500
1 0.705833 0.933750 0.041667 0.052500
3 0.633333 0.853750 0.093333 0.132500
2 0.805833 0.751250 0.071667 0.092500
0 0.270833 0.323750 0.188333 0.262500
2 0.582500 0.167500 0.058333 0.035000
1 0.695000 0.417500 0.040000 0.100000
3 0.070000 0.895000 0.083333 0.090000
0 0.425000 0.512500 0.130000 0.195000
2 0.065000 0.392500 0.076667 0.120000
2 0.180000 0.400000 0.103333 0.125000
0 0.493333 0.682500 0.096667 0.155000
0 0.073333 0.733750 0.116667 0.182500
1 0.500000 0.151250 0.053333 0.072500
