0 0.606667 0.583750 0.043333 0.057500
1 0.685833 0.638750 0.041667 0.077500
0 0.350000 0.593750 0.113333 0.177500
1 0.547500 0.145000 0.061667 0.090000
2 0.582500 0.323750 0.135000 0.142500
3 0.451667 0.317500 0.056667 0.035000
1 0.191667 0.350000 0.203333 0.230000
1 0.491667 0.372500 0.306667 0.285000
0 0.099167 0.701250 0.161667 0.272500
0 0.650000 0.435000 0.136667 0.195000
0 0.534167 0.447500 0.138333 0.165000
0 0.148333 0.211250 0.070000 0.082500
3 0.406667 0.075000 0.036667 0.060000
2 0.894167 0.520000 0.105000 0.235000
1 0.178333 0.173750 0.070000 0.092500
1 0.791667 0.842500 0.046667 0.105000
1 0.272500 0.561250 0.085000 0.137500
2 0.775000 0.815000 0.110000 0.200000
0 0.743333 0.928750 0.080000 0.117500
0 0.570000 0.387500 0.130000 0.190000
3 0.446667 0.122500 0.023333 0.035000
3 0.852500 0.538750 0.065000 0.052500
3 0.481667 0.310000 0.070000 0.155000
2 0.039167 0.865000 0.028333 0.040000
2 0.760000 0.350000 0.070000 0.115000
3 0.126667 0.467500 0.036667 0.055000
1 0.282500 0.776250 0.131667 0.212500
0 0.256667 0.552500 0.046667 0.060000
2 0.367500 0.536250 0.085000 0.102500
1 0.658333 0.268750 0.130000 0.142500
2 0.394167 0.102500 0.155000 0.125000
0 0.614167 0.255000 0.048333 0.085000
2 0.699167 0.882500 0.045000 0.065000
1 0.479167 0.668750 0.031667 0.037500
0 0.648333 0.502500 0.040000 0.090000
3 0.107500 0.297500 0.071667 0.140000
3 0.153333 0.347500 0.023333 0.045000
0 0.811667 0.507500 0.183333 0.255000
2 0.465000 0.118750 0.060000 0.097500
1 0.542500 0.480000 0.111667 0.160000
2 0.815000 0.873750 0.073333 0.122500
2 0.480833 0.176250 0.135000 0.207500
