3 0.279167 0.207500 0.225000 0.295000
1 0.852500 0.511250 0.085000 0.112500
1 0.815000 0.868750 0.100000 0.172500
2 0.415000 0.127500 0.030000 0.035000
3 0.073333 0.162500 0.116667 0.120000
2 0.825000 0.906250 0.060000 0.122500
2 0.117500 0.641250 0.155000 0.262500
1 0.224167 0.717500 0.125000 0.140000
3 0.336667 0.351250 0.086667 0.127500
0 0.371667 0.203750 0.180000 0.212500
2 0.733333 0.827500 0.113333 0.135000
2 0.729167 0.720000 0.108333 0.125000
2 0.590833 0.117500 0.121667 0.165000
2 0.570833 0.333750 0.141667 0.217500
1 0.719167 0.891250 0.085000 0.117500
1 0.302500 0.330000 0.068333 0.110000
1 0.229167 0.341250 0.098333 0.102500
1 0.125000 0.683750 0.120000 0.232500
0 0.359167 0.257500 0.085000 0.185000
3 0.900000 0.828750 0.100000 0.117500
0 0.541667 0.897500 0.046667 0.070000
0 0.052500 0.780000 0.071667 0.125000
0 0.563333 0.685000 0.173333 0.265000
1 0.170833 0.638750 0.108333 0.132500
0 0.674167 0.740000 0.045000 0.075000
2 0.224167 0.623750 0.021667 0.052500
0 0.713333 0.840000 0.120000 0.240000
3 0.172500 0.272500 0.031667 0.055000
1 0.135833 0.536250 0.065000 0.097500
0 0.430000 0.746250 0.110000 0.127500
1 0.564167 0.553750 0.081667 0.177500
0 0.701667 0.372500 0.176667 0.265000
3 0.246667 0.170000 0.053333 0.040000
2 0.661667 0.162500 0.003333 0.125000
2 0.662500 0.872500 0.058333 0.090000
0 0.725833 0.673750 0.141667 0.217500
2 0.568333 0.518750 0.130000 0.172500
0 0.180000 0.493750 0.093333 0.167500
1 0.826667 0.630000 0.056667 0.130000
1 0.882500 0.213750 0.041667 0.092500
3 0.825000 0.733750 0.126667 0.112500
