1 0.767500 0.461250 0.075000 0.142500
3 0.639167 0.425000 0.105000 0.160000
0 0.824167 0.601250 0.151667 0.252500
0 0.815833 0.621250 0.201667 0.302500
1 0.751667 0.237500 0.040000 0.040000
1 0.410833 0.743750 0.111667 0.127500
3 0.541667 0.125000 0.116667 0.155000
3 0.074167 0.657500 0.041667 0.120000
2 0.693333 0.790000 0.066667 0.085000
0 0.855000 0.625000 0.066667 0.110000
0 0.498333 0.125000 0.086667 0.135000
3 0.427500 0.467500 0.058333 0.090000
0 0.861667 0.848750 0.103333 0.172500
0 0.448333 0.292500 0.116667 0.175000
3 0.625000 0.892500 0.050000 0.090000
1 0.818333 0.193750 0.036667 0.067500
1 0.558333 0.095000 0.103333 0.110000
0 0.135000 0.587500 0.130000 0.220000
2 0.805833 0.677500 0.048333 0.080000
0 0.362500 0.298750 0.118333 0.187500
3 0.289167 0.523750 0.068333 0.107500
2 0.760000 0.491250 0.053333 0.047500
1 0.160000 0.095000 0.053333 0.060000
2 0.420000 0.785000 0.060000 0.225000
0 0.650833 0.757500 0.118333 0.185000
2 0.790833 0.660000 0.098333 0.130000
3 0.623333 0.657500 0.086667 0.100000
0 0.380833 0.246250 0.125000 0.187500
3 0.451667 0.648750 0.076667 0.077500
1 0.230833 0.153750 0.098333 0.127500
0 0.775833 0.727500 0.101667 0.155000
2 0.056667 0.627500 0.073333 0.190000
3 0.544167 0.097500 0.105000 0.140000
2 0.893333 0.816250 0.080000 0.057500
2 0.217500 0.866250 0.105000 0.157500
0 0.286667 0.412500 0.123333 0.190000
1 0.439167 0.232500 0.065000 0.100000
0 0.717500 0.802500 0.035000 0.050000
3 0.502500 0.407500 0.101667 0.100000
3 0.445833 0.686250 0.055000 0.162500
0 0.339167 0.896250 0.141667 0.167500
0 0.490833 0.687500 0.141667 0.210000
1 0.767500 0.396250 0.088333 0.107500
2 0.340000 0.596250 0.070000 0.217500
2 0.415833 0.620000 0.045000 0.065000
