3 0.575833 0.238750 0.041667 0.042500
3 0.047500 0.780000 0.035000 0.065000
3 0.365833 0.286250 0.118333 0.167500
3 0.260833 0.127500 0.038333 0.055000
1 0.521667 0.478750 0.086667 0.117500
0 0.872500 0.380000 0.118333 0.200000
2 0.239167 0.472500 0.131667 0.220000
3 0.817500 0.123750 0.175000 0.197500
2 0.730833 0.667500 0.041667 0.155000
0 0.431667 0.573750 0.053333 0.072500
3 0.257500 0.393750 0.031667 0.067500
0 0.571667 0.117500 0.036667 0.055000
1 0.835000 0.523750 0.130000 0.182500
0 0.710000 0.521250 0.133333 0.232500
2 0.538333 0.696250 0.060000 0.187500
3 0.880000 0.410000 0.133333 0.145000
3 0.606667 0.662500 0.146667 0.195000
2 0.158333 0.715000 0.126667 0.185000
3 0.718333 0.173750 0.103333 0.152500
1 0.465000 0.665000 0.033333 0.060000
1 0.181667 0.051250 0.063333 0.097500
3 0.614167 0.288750 0.048333 0.142500
2 0.717500 0.276250 0.058333 0.107500
2 0.074167 0.480000 0.105000 0.125000
1 0.600833 0.797500 0.151667 0.160000
0 0.858333 0.722500 0.166667 0.230000
1 0.407500 0.873750 0.078333 0.142500
0 0.349167 0.832500 0.071667 0.105000
2 0.751667 0.490000 0.080000 0.115000
1 0.543333 0.541250 0.083333 0.147500
0 0.314167 0.623750 0.091667 0.132500
2 0.913333 0.721250 0.083333 0.112500
0 0.795000 0.252500 0.176667 0.210000
3 0.814167 0.246250 0.095000 0.162500
1 0.394167 0.868750 0.111667 0.142500
1 0.051667 0.275000 0.086667 0.160000
