1 0.215000 0.405000 0.066667 0.075000
1 0.724167 0.533750 0.061667 0.097500
1 0.901667 0.133750 0.056667 0.117500
1 0.191667 0.607500 0.046667 0.050000
1 0.262500 0.265000 0.045000 0.065000
3 0.872500 0.313750 0.041667 0.032500
1 0.876667 0.673750 0.036667 0.067500
1 0.096667 0.638750 0.073333 0.092500
1 0.412500 0.503750 0.085000 0.172500
0 0.701667 0.087500 0.090000 0.165000
2 0.941667 0.411250 0.046667 0.062500
1 0.346667 0.097500 0.040000 0.060000
0 0.124167 0.858750 0.071667 0.112500
3 0.555000 0.177500 0.056667 0.135000
0 0.586667 0.332500 0.186667 0.280000
