1 0.642500 0.715000 0.065000 0.075000
0 0.787500 0.217500 0.148333 0.270000
2 0.633333 0.515000 0.026667 0.045000
1 0.865833 0.366250 0.068333 0.102500
3 0.113333 0.631250 0.140000 0.137500
0 0.501667 0.525000 0.120000 0.150000
1 0.328333 0.128750 0.213333 0.242500
1 0.800000 0.245000 0.060000 0.125000
1 0.949167 0.356250 0.045000 0.067500
1 0.071667 0.458750 0.050000 0.062500
2 0.106667 0.718750 0.080000 0.042500
1 0.130833 0.822500 0.215000 0.280000
1 0.206667 0.088750 0.050000 0.072500
3 0.835000 0.242500 0.133333 0.100000
0 0.940833 0.141250 0.061667 0.107500
0 0.728333 0.461250 0.103333 0.157500
