1 0.341667 0.301250 0.023333 0.047500
3 0.099167 0.157500 0.048333 0.085000
0 0.247500 0.401250 0.111667 0.167500
2 0.598333 0.702500 0.040000 0.055000
1 0.261667 0.726250 0.020000 0.042500
3 0.820000 0.666250 0.073333 0.082500
0 0.641667 0.755000 0.083333 0.105000
0 0.092500 0.443750 0.091667 0.177500
2 0.057500 0.916250 0.068333 0.082500
0 0.663333 0.416250 0.146667 0.177500
1 0.549167 0.558750 0.121667 0.192500
0 0.202500 0.131250 0.165000 0.247500
2 0.497500 0.288750 0.068333 0.097500
0 0.671667 0.500000 0.036667 0.055000
1 0.098333 0.330000 0.030000 0.035000
0 0.524167 0.825000 0.038333 0.055000
1 0.341667 0.873750 0.053333 0.072500
