0 0.325000 0.210000 0.143333 0.220000
3 0.792500 0.622500 0.101667 0.160000
1 0.485833 0.191250 0.078333 0.132500
2 0.447500 0.315000 0.141667 0.160000
3 0.211667 0.773750 0.103333 0.087500
1 0.510833 0.581250 0.091667 0.112500
2 0.385833 0.805000 0.065000 0.065000
1 0.196667 0.711250 0.036667 0.052500
0 0.934167 0.812500 0.051667 0.080000
3 0.730833 0.135000 0.105000 0.140000
0 0.616667 0.250000 0.070000 0.105000
3 0.880000 0.106250 0.043333 0.057500
1 0.939167 0.433750 0.025000 0.042500
3 0.150833 0.575000 0.025000 0.060000
0 0.344167 0.155000 0.168333 0.235000
1 0.670000 0.535000 0.130000 0.150000
0 0.197500 0.912500 0.108333 0.165000
3 0.073333 0.613750 0.106667 0.077500
1 0.186667 0.435000 0.086667 0.095000
2 0.137500 0.515000 0.161667 0.275000
2 0.165833 0.645000 0.088333 0.185000
1 0.320000 0.712500 0.080000 0.145000
1 0.773333 0.406250 0.036667 0.082500
