0 0.609167 0.833750 0.081667 0.147500
0 0.793333 0.283750 0.106667 0.182500
1 0.125000 0.528750 0.093333 0.132500
3 0.775833 0.767500 0.035000 0.050000
0 0.663333 0.146250 0.126667 0.217500
0 0.090833 0.102500 0.041667 0.085000
3 0.364167 0.130000 0.085000 0.065000
1 0.769167 0.132500 0.118333 0.180000
1 0.286667 0.821250 0.130000 0.182500
0 0.428333 0.598750 0.093333 0.132500
2 0.164167 0.092500 0.118333 0.175000
1 0.230000 0.768750 0.066667 0.132500
0 0.684167 0.862500 0.051667 0.065000
3 0.360000 0.550000 0.036667 0.040000
2 0.916667 0.346250 0.086667 0.137500
3 0.831667 0.653750 0.096667 0.097500
1 0.312500 0.190000 0.148333 0.200000
3 0.464167 0.411250 0.035000 0.032500
0 0.280833 0.212500 0.105000 0.200000
3 0.642500 0.180000 0.068333 0.170000
3 0.372500 0.117500 0.041667 0.055000
0 0.717500 0.877500 0.158333 0.220000
3 0.456667 0.450000 0.023333 0.040000
3 0.314167 0.352500 0.081667 0.085000
3 0.789167 0.757500 0.068333 0.055000
3 0.676667 0.763750 0.076667 0.062500
0 0.468333 0.673750 0.066667 0.107500
0 0.559167 0.910000 0.065000 0.095000
0 0.235833 0.113750 0.041667 0.077500
2 0.239167 0.087500 0.095000 0.145000
3 0.230000 0.436250 0.116667 0.082500
2 0.084167 0.315000 0.131667 0.180000
3 0.820833 0.478750 0.075000 0.167500
1 0.873333 0.122500 0.056667 0.090000
2 0.729167 0.203750 0.055000 0.072500
2 0.534167 0.432500 0.078333 0.080000
1 0.873333 0.397500 0.066667 0.105000
1 0.849167 0.118750 0.118333 0.177500
3 0.900000 0.670000 0.013333 0.045000
1 0.260000 0.177500 0.113333 0.165000
2 0.464167 0.597500 0.045000 0.065000
3 0.405833 0.475000 0.095000 0.080000
3 0.243333 0.142500 0.063333 0.055000
3 0.853333 0.441250 0.026667 0.067500
