0 0.495833 0.577500 0.055000 0.095000
2 0.489167 0.610000 0.048333 0.065000
1 0.650833 0.451250 0.095000 0.107500
2 0.859167 0.377500 0.118333 0.110000
1 0.496667 0.716250 0.096667 0.107500
0 0.499167 0.278750 0.058333 0.087500
3 0.287500 0.851250 0.088333 0.162500
2 0.662500 0.455000 0.081667 0.110000
0 0.362500 0.376250 0.105000 0.172500
0 0.279167 0.376250 0.161667 0.222500
3 0.150000 0.246250 0.076667 0.157500
2 0.495000 0.328750 0.100000 0.142500
1 0.128333 0.655000 0.083333 0.105000
3 0.641667 0.281250 0.060000 0.172500
3 0.215000 0.687500 0.116667 0.090000
2 0.485833 0.313750 0.065000 0.107500
1 0.744167 0.511250 0.045000 0.042500
2 0.030000 0.172500 0.046667 0.065000
0 0.093333 0.197500 0.056667 0.080000
0 0.447500 0.400000 0.105000 0.210000
2 0.759167 0.712500 0.061667 0.140000
0 0.446667 0.335000 0.163333 0.285000
0 0.750000 0.562500 0.116667 0.170000
3 0.510833 0.268750 0.038333 0.037500
3 0.477500 0.572500 0.071667 0.065000
0 0.879167 0.800000 0.038333 0.070000
1 0.253333 0.447500 0.146667 0.145000
3 0.806667 0.135000 0.086667 0.165000
0 0.491667 0.546250 0.103333 0.117500
0 0.553333 0.668750 0.076667 0.192500
1 0.673333 0.443750 0.110000 0.162500
3 0.379167 0.145000 0.108333 0.115000
0 0.340000 0.522500 0.100000 0.165000
3 0.565000 0.095000 0.126667 0.105000
2 0.519167 0.348750 0.048333 0.072500
1 0.506667 0.120000 0.046667 0.065000
3 0.687500 0.445000 0.048333 0.090000
2 0.545000 0.485000 0.140000 0.200000
