3 0.430833 0.635000 0.131667 0.115000
0 0.656667 0.307500 0.036667 0.080000
0 0.145833 0.460000 0.035000 0.060000
1 0.114167 0.865000 0.038333 0.055000
3 0.941667 0.226250 0.046667 0.047500
2 0.067500 0.221250 0.028333 0.042500
1 0.894167 0.743750 0.088333 0.107500
0 0.108333 0.147500 0.110000 0.165000
2 0.268333 0.342500 0.066667 0.100000
2 0.928333 0.112500 0.056667 0.115000
3 0.809167 0.077500 0.088333 0.080000
3 0.278333 0.822500 0.036667 0.035000
0 0.093333 0.800000 0.153333 0.180000
1 0.420000 0.197500 0.123333 0.150000
2 0.342500 0.642500 0.048333 0.060000
2 0.398333 0.800000 0.053333 0.085000
2 0.472500 0.357500 0.085000 0.100000
2 0.327500 0.903750 0.081667 0.102500
2 0.751667 0.576250 0.083333 0.102500
3 0.809167 0.206250 0.045000 0.092500
1 0.714167 0.412500 0.101667 0.200000
