0 0.134167 0.813750 0.148333 0.257500
3 0.479167 0.597500 0.061667 0.070000
1 0.835000 0.898750 0.086667 0.167500
0 0.305000 0.420000 0.153333 0.220000
2 0.419167 0.348750 0.045000 0.072500
1 0.415833 0.803750 0.085000 0.097500
0 0.188333 0.248750 0.043333 0.072500
0 0.274167 0.140000 0.108333 0.180000
3 0.886667 0.163750 0.026667 0.052500
1 0.395833 0.798750 0.075000 0.097500
1 0.250000 0.378750 0.156667 0.162500
3 0.806667 0.057500 0.093333 0.110000
2 0.615833 0.712500 0.098333 0.140000
2 0.872500 0.687500 0.115000 0.180000
2 0.489167 0.556250 0.065000 0.137500
2 0.703333 0.466250 0.106667 0.182500
0 0.105000 0.573750 0.153333 0.267500
1 0.795000 0.340000 0.026667 0.060000
3 0.568333 0.486250 0.116667 0.097500
3 0.467500 0.566250 0.031667 0.027500
0 0.237500 0.407500 0.185000 0.285000
0 0.581667 0.648750 0.143333 0.247500
3 0.685000 0.675000 0.033333 0.085000
0 0.915000 0.891250 0.070000 0.112500
1 0.560000 0.457500 0.066667 0.070000
2 0.101667 0.141250 0.066667 0.087500
2 0.907500 0.467500 0.088333 0.095000
1 0.530000 0.143750 0.120000 0.142500
2 0.052500 0.315000 0.081667 0.165000
1 0.700833 0.081250 0.045000 0.072500
3 0.350833 0.483750 0.088333 0.102500
2 0.515833 0.108750 0.101667 0.117500
1 0.135833 0.426250 0.111667 0.167500
2 0.807500 0.360000 0.141667 0.230000
2 0.560000 0.052500 0.026667 0.055000
1 0.205000 0.802500 0.106667 0.200000
2 0.794167 0.801250 0.091667 0.112500
0 0.280000 0.278750 0.150000 0.237500
0 0.115000 0.317500 0.186667 0.275000
0 0.230833 0.701250 0.041667 0.057500
1 0.660833 0.756250 0.065000 0.132500
1 0.115833 0.513750 0.051667 0.057500
0 0.223333 0.462500 0.136667 0.215000
3 0.540000 0.456250 0.063333 0.062500
3 0.173333 0.701250 0.050000 0.057500
0 0.170833 0.587500 0.068333 0.105000
2 0.050000 0.626250 0.040000 0.137500
