0 0.125833 0.611250 0.088333 0.152500
0 0.897500 0.693750 0.035000 0.047500
0 0.752500 0.485000 0.041667 0.070000
1 0.801667 0.671250 0.140000 0.172500
0 0.787500 0.673750 0.198333 0.297500
3 0.837500 0.630000 0.155000 0.175000
1 0.973333 0.913750 0.033333 0.037500
2 0.275833 0.265000 0.075000 0.100000
0 0.282500 0.120000 0.078333 0.120000
2 0.845833 0.161250 0.078333 0.182500
2 0.160833 0.116250 0.035000 0.052500
2 0.422500 0.672500 0.048333 0.180000
2 0.771667 0.173750 0.063333 0.247500
3 0.133333 0.845000 0.113333 0.150000
3 0.600833 0.370000 0.028333 0.070000
3 0.255000 0.652500 0.116667 0.185000
3 0.407500 0.827500 0.028333 0.030000
1 0.728333 0.682500 0.086667 0.150000
2 0.910000 0.558750 0.036667 0.042500
1 0.049167 0.572500 0.028333 0.055000
2 0.569167 0.753750 0.111667 0.137500
1 0.474167 0.877500 0.091667 0.110000
3 0.299167 0.780000 0.058333 0.115000
0 0.851667 0.672500 0.073333 0.090000
2 0.109167 0.361250 0.091667 0.002500
0 0.855000 0.393750 0.146667 0.217500
