1 0.824167 0.532500 0.065000 0.130000
2 0.753333 0.576250 0.100000 0.122500
1 0.967500 0.515000 0.038333 0.040000
3 0.491667 0.602500 0.086667 0.180000
3 0.917500 0.665000 0.041667 0.085000
2 0.269167 0.053750 0.095000 0.087500
2 0.525000 0.778750 0.106667 0.157500
2 0.365833 0.587500 0.025000 0.060000
3 0.415000 0.183750 0.046667 0.067500
0 0.420000 0.262500 0.163333 0.195000
2 0.352500 0.457500 0.101667 0.145000
3 0.768333 0.861250 0.056667 0.117500
2 0.319167 0.666250 0.131667 0.152500
3 0.272500 0.483750 0.081667 0.087500
3 0.523333 0.741250 0.053333 0.162500
0 0.605000 0.842500 0.113333 0.200000
2 0.812500 0.377500 0.041667 0.065000
3 0.121667 0.323750 0.040000 0.097500
3 0.129167 0.333750 0.111667 0.107500
0 0.390833 0.303750 0.111667 0.172500
2 0.828333 0.416250 0.033333 0.067500
2 0.911667 0.411250 0.113333 0.132500
2 0.280833 0.205000 0.128333 0.185000
0 0.428333 0.126250 0.036667 0.077500
3 0.160833 0.405000 0.068333 0.060000
3 0.730000 0.736250 0.116667 0.092500
0 0.402500 0.465000 0.075000 0.105000
1 0.862500 0.513750 0.061667 0.097500
1 0.721667 0.115000 0.056667 0.075000
2 0.680000 0.783750 0.126667 0.127500
3 0.299167 0.538750 0.115000 0.167500
1 0.192500 0.097500 0.061667 0.090000
2 0.884167 0.840000 0.101667 0.145000
0 0.191667 0.567500 0.190000 0.235000
2 0.185000 0.125000 0.056667 0.090000
0 0.612500 0.812500 0.135000 0.275000
3 0.710000 0.785000 0.103333 0.130000
1 0.054167 0.118750 0.045000 0.082500
0 0.338333 0.737500 0.133333 0.215000
2 0.191667 0.160000 0.106667 0.195000
1 0.147500 0.722500 0.088333 0.100000
3 0.128333 0.263750 0.086667 0.127500
3 0.808333 0.945000 0.030000 0.030000
1 0.338333 0.640000 0.070000 0.200000
