0 0.672500 0.615000 0.115000 0.210000
1 0.141667 0.253750 0.076667 0.092500
3 0.408333 0.268750 0.036667 0.047500
1 0.788333 0.270000 0.040000 0.045000
1 0.140000 0.227500 0.123333 0.145000
1 0.726667 0.738750 0.043333 0.037500
2 0.140000 0.326250 0.053333 0.082500
0 0.770000 0.643750 0.140000 0.222500
2 0.846667 0.648750 0.100000 0.142500
0 0.401667 0.183750 0.090000 0.112500
2 0.414167 0.122500 0.065000 0.095000
1 0.445833 0.447500 0.145000 0.225000
1 0.464167 0.392500 0.108333 0.210000
2 0.479167 0.785000 0.078333 0.115000
1 0.600000 0.208750 0.110000 0.177500
1 0.961667 0.031250 0.036667 0.052500
3 0.374167 0.852500 0.085000 0.120000
2 0.368333 0.576250 0.106667 0.152500
0 0.488333 0.747500 0.206667 0.280000
2 0.614167 0.810000 0.141667 0.185000
2 0.430000 0.458750 0.110000 0.117500
1 0.420833 0.851250 0.078333 0.147500
2 0.731667 0.481250 0.023333 0.077500
2 0.528333 0.696250 0.040000 0.067500
3 0.635000 0.352500 0.116667 0.135000
0 0.800000 0.787500 0.120000 0.210000
1 0.194167 0.337500 0.091667 0.120000
0 0.079167 0.427500 0.128333 0.215000
1 0.279167 0.252500 0.098333 0.125000
0 0.260833 0.790000 0.098333 0.125000
2 0.660833 0.357500 0.161667 0.145000
1 0.460000 0.061250 0.036667 0.047500
