0 0.922500 0.485000 0.031667 0.055000
3 0.910833 0.536250 0.058333 0.072500
1 0.327500 0.428750 0.135000 0.187500
2 0.672500 0.761250 0.091667 0.147500
3 0.443333 0.837500 0.060000 0.090000
3 0.880000 0.385000 0.043333 0.110000
3 0.681667 0.313750 0.073333 0.092500
2 0.645833 0.086250 0.058333 0.057500
0 0.062500 0.447500 0.101667 0.160000
2 0.044167 0.258750 0.021667 0.077500
1 0.431667 0.537500 0.056667 0.070000
3 0.724167 0.676250 0.155000 0.167500
1 0.240000 0.160000 0.126667 0.145000
1 0.704167 0.491250 0.135000 0.167500
2 0.226667 0.472500 0.033333 0.060000
3 0.390000 0.507500 0.030000 0.025000
2 0.151667 0.321250 0.090000 0.107500
3 0.696667 0.638750 0.063333 0.192500
0 0.259167 0.785000 0.105000 0.205000
3 0.095833 0.330000 0.045000 0.045000
0 0.340833 0.102500 0.068333 0.135000
1 0.390000 0.236250 0.063333 0.097500
1 0.505833 0.723750 0.111667 0.177500
2 0.294167 0.133750 0.058333 0.082500
2 0.138333 0.410000 0.033333 0.065000
2 0.805000 0.478750 0.106667 0.002500
3 0.809167 0.421250 0.075000 0.187500
3 0.336667 0.456250 0.096667 0.117500
2 0.443333 0.558750 0.106667 0.087500
2 0.093333 0.735000 0.030000 0.050000
3 0.206667 0.668750 0.033333 0.037500
1 0.332500 0.698750 0.118333 0.182500
0 0.110833 0.388750 0.121667 0.242500
0 0.876667 0.490000 0.166667 0.190000
0 0.740000 0.286250 0.060000 0.097500
3 0.757500 0.201250 0.151667 0.162500
1 0.120000 0.913750 0.040000 0.077500
2 0.083333 0.688750 0.090000 0.132500
1 0.906667 0.517500 0.080000 0.120000
3 0.038333 0.510000 0.030000 0.065000
0 0.385000 0.446250 0.166667 0.252500
1 0.532500 0.140000 0.081667 0.135000
3 0.735833 0.213750 0.118333 0.067500
3 0.374167 0.323750 0.025000 0.077500
