3 0.500000 0.058750 0.060000 0.047500
3 0.087500 0.636250 0.028333 0.017500
0 0.049167 0.771250 0.068333 0.102500
2 0.353333 0.501250 0.040000 0.152500
2 0.600833 0.296250 0.128333 0.162500
1 0.672500 0.242500 0.088333 0.100000
0 0.699167 0.378750 0.128333 0.152500
0 0.942500 0.225000 0.045000 0.060000
2 0.749167 0.212500 0.035000 0.070000
0 0.835833 0.666250 0.075000 0.117500
0 0.540000 0.510000 0.153333 0.250000
1 0.670833 0.551250 0.058333 0.072500
2 0.140000 0.768750 0.076667 0.152500
1 0.861667 0.827500 0.060000 0.100000
3 0.591667 0.370000 0.043333 0.040000
3 0.452500 0.105000 0.045000 0.060000
2 0.915833 0.792500 0.048333 0.080000
