0 0.904167 0.516250 0.061667 0.087500
2 0.065000 0.360000 0.070000 0.135000
0 0.671667 0.261250 0.086667 0.127500
0 0.950833 0.532500 0.051667 0.075000
1 0.384167 0.806250 0.105000 0.147500
0 0.903333 0.092500 0.076667 0.140000
0 0.798333 0.677500 0.070000 0.160000
3 0.327500 0.761250 0.055000 0.157500
3 0.284167 0.158750 0.048333 0.122500
3 0.863333 0.502500 0.086667 0.065000
3 0.755000 0.551250 0.066667 0.137500
1 0.168333 0.347500 0.036667 0.065000
2 0.894167 0.495000 0.055000 0.060000
1 0.340833 0.281250 0.111667 0.127500
1 0.685833 0.111250 0.075000 0.097500
3 0.785000 0.682500 0.213333 0.245000
2 0.340833 0.387500 0.135000 0.220000
1 0.105000 0.560000 0.123333 0.195000
0 0.765000 0.840000 0.133333 0.180000
3 0.628333 0.753750 0.036667 0.047500
0 0.864167 0.916250 0.115000 0.142500
0 0.636667 0.831250 0.003333 0.212500
3 0.740833 0.138750 0.121667 0.147500
0 0.473333 0.398750 0.166667 0.222500
1 0.380000 0.265000 0.133333 0.205000
0 0.448333 0.492500 0.086667 0.135000
0 0.151667 0.597500 0.076667 0.120000
3 0.596667 0.575000 0.046667 0.065000
0 0.156667 0.780000 0.080000 0.100000
2 0.895833 0.481250 0.028333 0.047500
1 0.579167 0.258750 0.141667 0.212500
0 0.358333 0.373750 0.140000 0.177500
0 0.138333 0.141250 0.123333 0.222500
1 0.497500 0.280000 0.028333 0.065000
2 0.291667 0.791250 0.136667 0.162500
3 0.911667 0.055000 0.060000 0.065000
3 0.285000 0.457500 0.096667 0.140000
0 0.627500 0.307500 0.068333 0.105000
1 0.850000 0.377500 0.030000 0.050000
