1 0.458333 0.665000 0.086667 0.095000
3 0.109167 0.331250 0.101667 0.132500
1 0.360000 0.285000 0.090000 0.185000
2 0.440000 0.203750 0.123333 0.192500
3 0.472500 0.743750 0.035000 0.057500
2 0.815000 0.613750 0.063333 0.072500
0 0.704167 0.407500 0.048333 0.080000
0 0.915000 0.622500 0.106667 0.160000
3 0.175000 0.632500 0.086667 0.165000
2 0.709167 0.325000 0.108333 0.135000
2 0.750000 0.628750 0.063333 0.092500
0 0.343333 0.242500 0.033333 0.040000
0 0.393333 0.816250 0.070000 0.097500
0 0.277500 0.438750 0.115000 0.142500
0 0.187500 0.585000 0.125000 0.145000
0 0.362500 0.597500 0.075000 0.085000
3 0.560000 0.420000 0.026667 0.020000
1 0.228333 0.355000 0.093333 0.250000
0 0.376667 0.131250 0.040000 0.047500
3 0.286667 0.328750 0.120000 0.062500
2 0.415000 0.282500 0.070000 0.165000
2 0.614167 0.631250 0.088333 0.142500
2 0.108333 0.605000 0.090000 0.095000
1 0.426667 0.146250 0.120000 0.217500
1 0.502500 0.285000 0.101667 0.135000
3 0.602500 0.060000 0.101667 0.090000
1 0.761667 0.416250 0.100000 0.172500
3 0.201667 0.930000 0.030000 0.045000
0 0.757500 0.566250 0.128333 0.227500
2 0.892500 0.813750 0.105000 0.152500
1 0.670000 0.647500 0.110000 0.190000
3 0.920833 0.672500 0.031667 0.040000
