0 0.683333 0.845000 0.066667 0.090000
2 0.214167 0.670000 0.021667 0.065000
0 0.111667 0.543750 0.096667 0.147500
3 0.064167 0.616250 0.048333 0.102500
2 0.628333 0.310000 0.120000 0.195000
2 0.251667 0.792500 0.100000 0.180000
2 0.712500 0.521250 0.115000 0.147500
0 0.812500 0.257500 0.158333 0.195000
2 0.284167 0.362500 0.035000 0.030000
2 0.628333 0.757500 0.083333 0.125000
3 0.025833 0.596250 0.018333 0.062500
1 0.683333 0.796250 0.073333 0.117500
3 0.482500 0.382500 0.038333 0.065000
2 0.315000 0.821250 0.113333 0.137500
1 0.737500 0.541250 0.071667 0.092500
0 0.410000 0.191250 0.160000 0.232500
2 0.182500 0.440000 0.045000 0.090000
1 0.570833 0.383750 0.061667 0.082500
0 0.139167 0.165000 0.121667 0.175000
0 0.707500 0.291250 0.178333 0.247500
3 0.849167 0.527500 0.058333 0.070000
1 0.314167 0.365000 0.041667 0.095000
3 0.629167 0.226250 0.091667 0.092500
3 0.569167 0.602500 0.085000 0.080000
