0 0.260000 0.743750 0.123333 0.132500
3 0.104167 0.833750 0.051667 0.072500
2 0.896667 0.362500 0.036667 0.045000
3 0.760000 0.738750 0.050000 0.097500
2 0.544167 0.717500 0.081667 0.165000
3 0.811667 0.793750 0.046667 0.107500
3 0.021667 0.647500 0.040000 0.040000
2 0.239167 0.185000 0.161667 0.215000
1 0.404167 0.365000 0.078333 0.145000
1 0.286667 0.396250 0.136667 0.197500
3 0.875000 0.505000 0.116667 0.160000
0 0.060833 0.765000 0.055000 0.125000
1 0.074167 0.695000 0.051667 0.100000
2 0.820000 0.638750 0.033333 0.032500
1 0.286667 0.191250 0.066667 0.082500
2 0.290000 0.331250 0.060000 0.102500
2 0.060833 0.106250 0.098333 0.192500
3 0.882500 0.303750 0.028333 0.072500
0 0.581667 0.112500 0.186667 0.215000
3 0.884167 0.470000 0.091667 0.075000
1 0.560000 0.230000 0.053333 0.065000
1 0.138333 0.500000 0.046667 0.075000
