3 0.827500 0.686250 0.108333 0.142500
2 0.424167 0.373750 0.035000 0.057500
2 0.268333 0.622500 0.083333 0.120000
1 0.333333 0.573750 0.120000 0.102500
2 0.307500 0.471250 0.068333 0.102500
2 0.326667 0.491250 0.156667 0.162500
3 0.696667 0.200000 0.103333 0.180000
2 0.625000 0.458750 0.120000 0.252500
3 0.810000 0.633750 0.090000 0.177500
0 0.311667 0.187500 0.146667 0.245000
2 0.378333 0.553750 0.123333 0.097500
0 0.165833 0.723750 0.098333 0.137500
1 0.049167 0.578750 0.065000 0.132500
0 0.598333 0.675000 0.120000 0.180000
1 0.070833 0.810000 0.058333 0.100000
3 0.702500 0.182500 0.031667 0.025000
2 0.320833 0.677500 0.138333 0.235000
0 0.037500 0.348750 0.068333 0.102500
0 0.896667 0.210000 0.070000 0.110000
2 0.160000 0.180000 0.046667 0.085000
1 0.504167 0.607500 0.091667 0.085000
2 0.400833 0.697500 0.085000 0.115000
2 0.717500 0.193750 0.261667 0.282500
3 0.422500 0.787500 0.085000 0.110000
1 0.624167 0.897500 0.068333 0.085000
0 0.720000 0.607500 0.116667 0.155000
3 0.257500 0.807500 0.121667 0.100000
3 0.147500 0.453750 0.088333 0.147500
3 0.699167 0.233750 0.065000 0.097500
3 0.740000 0.761250 0.040000 0.082500
1 0.076667 0.546250 0.086667 0.142500
1 0.221667 0.453750 0.120000 0.197500
1 0.513333 0.705000 0.080000 0.105000
3 0.389167 0.718750 0.111667 0.087500
0 0.211667 0.492500 0.136667 0.195000
2 0.130000 0.626250 0.050000 0.117500
0 0.200000 0.293750 0.146667 0.232500
3 0.086667 0.607500 0.046667 0.080000
3 0.871667 0.152500 0.070000 0.060000
0 0.552500 0.553750 0.065000 0.102500
3 0.131667 0.823750 0.026667 0.062500
3 0.048333 0.596250 0.056667 0.067500
0 0.120833 0.690000 0.088333 0.155000
0 0.813333 0.422500 0.116667 0.170000
2 0.924167 0.788750 0.065000 0.122500
2 0.555833 0.308750 0.048333 0.047500
2 0.838333 0.141250 0.130000 0.222500
1 0.508333 0.046250 0.066667 0.087500
