0 0.743333 0.846250 0.126667 0.242500
3 0.675833 0.547500 0.045000 0.045000
0 0.077500 0.695000 0.038333 0.055000
2 0.599167 0.042500 0.038333 0.040000
0 0.645000 0.130000 0.043333 0.070000
1 0.190833 0.358750 0.101667 0.147500
2 0.256667 0.512500 0.040000 0.085000
0 0.579167 0.607500 0.105000 0.205000
3 0.642500 0.405000 0.048333 0.080000
0 0.936667 0.835000 0.040000 0.055000
1 0.630833 0.963750 0.021667 0.047500
0 0.295000 0.852500 0.116667 0.175000
2 0.679167 0.546250 0.088333 0.082500
0 0.372500 0.440000 0.105000 0.150000
2 0.832500 0.901250 0.085000 0.107500
1 0.247500 0.723750 0.105000 0.217500
1 0.729167 0.298750 0.098333 0.162500
2 0.476667 0.412500 0.106667 0.125000
1 0.146667 0.873750 0.070000 0.097500
3 0.377500 0.585000 0.021667 0.050000
0 0.127500 0.106250 0.051667 0.082500
1 0.492500 0.776250 0.111667 0.197500
3 0.717500 0.262500 0.058333 0.060000
3 0.736667 0.288750 0.213333 0.282500
0 0.730833 0.193750 0.128333 0.242500
2 0.592500 0.850000 0.075000 0.055000
2 0.455833 0.055000 0.035000 0.050000
0 0.880000 0.383750 0.086667 0.162500
2 0.906667 0.845000 0.050000 0.090000
0 0.692500 0.525000 0.105000 0.120000
3 0.382500 0.355000 0.061667 0.140000
3 0.520833 0.277500 0.038333 0.030000
1 0.573333 0.106250 0.086667 0.187500
2 0.746667 0.390000 0.090000 0.170000
