1 0.641667 0.172500 0.046667 0.055000
0 0.671667 0.795000 0.160000 0.255000
3 0.795833 0.662500 0.098333 0.115000
3 0.133333 0.227500 0.040000 0.050000
1 0.532500 0.618750 0.105000 0.202500
2 0.097500 0.138750 0.011667 0.237500
0 0.760833 0.903750 0.118333 0.177500
2 0.306667 0.403750 0.093333 0.117500
1 0.462500 0.126250 0.025000 0.047500
0 0.288333 0.398750 0.146667 0.182500
3 0.046667 0.411250 0.040000 0.062500
3 0.478333 0.586250 0.053333 0.167500
3 0.240000 0.445000 0.046667 0.140000
3 0.765000 0.442500 0.120000 0.135000
0 0.279167 0.428750 0.098333 0.177500
3 0.718333 0.218750 0.060000 0.137500
3 0.235000 0.612500 0.046667 0.095000
3 0.586667 0.841250 0.116667 0.152500
1 0.352500 0.846250 0.121667 0.157500
0 0.129167 0.763750 0.125000 0.172500
1 0.948333 0.117500 0.046667 0.055000
3 0.748333 0.113750 0.103333 0.187500
1 0.245833 0.270000 0.121667 0.215000
3 0.857500 0.450000 0.055000 0.040000
1 0.053333 0.797500 0.073333 0.090000
2 0.251667 0.097500 0.040000 0.050000
0 0.601667 0.398750 0.060000 0.092500
1 0.454167 0.222500 0.068333 0.070000
3 0.490833 0.525000 0.065000 0.185000
0 0.463333 0.397500 0.106667 0.160000
2 0.233333 0.558750 0.076667 0.192500
0 0.418333 0.221250 0.043333 0.092500
1 0.566667 0.648750 0.113333 0.217500
2 0.530000 0.757500 0.083333 0.095000
2 0.154167 0.471250 0.078333 0.132500
2 0.833333 0.333750 0.073333 0.057500
0 0.390000 0.411250 0.073333 0.112500
2 0.070000 0.158750 0.090000 0.122500
0 0.696667 0.537500 0.156667 0.195000
3 0.035000 0.305000 0.050000 0.050000
2 0.762500 0.590000 0.068333 0.100000
0 0.729167 0.735000 0.198333 0.235000
1 0.894167 0.780000 0.048333 0.080000
3 0.800833 0.231250 0.058333 0.067500
2 0.491667 0.190000 0.023333 0.060000
1 0.325000 0.263750 0.116667 0.167500
1 0.390833 0.513750 0.078333 0.082500
0 0.332500 0.836250 0.191667 0.277500
