2 0.604167 0.231250 0.145000 0.212500
1 0.804167 0.756250 0.098333 0.147500
1 0.638333 0.790000 0.033333 0.075000
3 0.875000 0.730000 0.056667 0.165000
3 0.043333 0.250000 0.050000 0.060000
0 0.309167 0.130000 0.145000 0.185000
2 0.470000 0.838750 0.040000 0.022500
1 0.182500 0.407500 0.058333 0.080000
3 0.094167 0.462500 0.048333 0.095000
3 0.905000 0.578750 0.106667 0.122500
1 0.848333 0.352500 0.073333 0.115000
1 0.494167 0.727500 0.128333 0.200000
1 0.313333 0.622500 0.066667 0.095000
2 0.416667 0.436250 0.036667 0.067500
2 0.196667 0.441250 0.103333 0.107500
0 0.288333 0.307500 0.076667 0.120000
3 0.817500 0.727500 0.055000 0.120000
2 0.732500 0.433750 0.141667 0.127500
1 0.107500 0.705000 0.168333 0.220000
3 0.720833 0.721250 0.028333 0.077500
3 0.423333 0.402500 0.130000 0.130000
1 0.365833 0.306250 0.078333 0.142500
0 0.110000 0.898750 0.100000 0.122500
0 0.078333 0.311250 0.090000 0.122500
2 0.885833 0.656250 0.081667 0.102500
1 0.120833 0.322500 0.115000 0.155000
0 0.200000 0.747500 0.136667 0.215000
0 0.165833 0.767500 0.045000 0.055000
