3 0.120833 0.833750 0.035000 0.062500
3 0.809167 0.783750 0.035000 0.077500
1 0.300833 0.201250 0.058333 0.112500
2 0.776667 0.231250 0.130000 0.217500
3 0.501667 0.796250 0.086667 0.082500
0 0.580000 0.595000 0.103333 0.130000
1 0.754167 0.088750 0.105000 0.157500
2 0.340833 0.345000 0.045000 0.070000
2 0.344167 0.085000 0.081667 0.095000
2 0.875833 0.422500 0.121667 0.175000
0 0.645833 0.562500 0.115000 0.160000
3 0.625000 0.830000 0.050000 0.045000
3 0.168333 0.793750 0.040000 0.062500
2 0.440833 0.642500 0.048333 0.055000
3 0.266667 0.115000 0.103333 0.160000
1 0.667500 0.391250 0.081667 0.092500
1 0.129167 0.166250 0.125000 0.192500
3 0.728333 0.937500 0.016667 0.050000
1 0.237500 0.785000 0.188333 0.175000
1 0.948333 0.282500 0.040000 0.095000
1 0.226667 0.292500 0.140000 0.190000
1 0.540833 0.818750 0.138333 0.187500
0 0.785000 0.403750 0.163333 0.197500
3 0.869167 0.377500 0.035000 0.085000
2 0.729167 0.660000 0.141667 0.145000
2 0.717500 0.180000 0.088333 0.115000
1 0.017500 0.182500 0.031667 0.045000
0 0.470833 0.278750 0.058333 0.087500
1 0.627500 0.527500 0.088333 0.125000
2 0.692500 0.800000 0.041667 0.035000
1 0.888333 0.587500 0.080000 0.140000
2 0.345000 0.382500 0.100000 0.125000
0 0.713333 0.188750 0.096667 0.142500
2 0.605000 0.613750 0.090000 0.142500
0 0.142500 0.331250 0.061667 0.082500
3 0.102500 0.752500 0.065000 0.150000
3 0.644167 0.792500 0.048333 0.070000
2 0.660833 0.738750 0.101667 0.127500
1 0.961667 0.520000 0.050000 0.060000
1 0.203333 0.422500 0.106667 0.205000
0 0.695833 0.430000 0.108333 0.170000
1 0.102500 0.872500 0.065000 0.100000
1 0.921667 0.102500 0.046667 0.070000
1 0.203333 0.382500 0.120000 0.140000
1 0.634167 0.646250 0.105000 0.217500
3 0.171667 0.665000 0.120000 0.145000
1 0.486667 0.880000 0.056667 0.095000
