1 0.647500 0.521250 0.178333 0.202500
1 0.363333 0.672500 0.053333 0.095000
2 0.112500 0.883750 0.111667 0.162500
3 0.832500 0.848750 0.128333 0.127500
1 0.906667 0.223750 0.110000 0.132500
3 0.190000 0.428750 0.026667 0.062500
1 0.690000 0.736250 0.093333 0.117500
0 0.540000 0.771250 0.143333 0.217500
3 0.781667 0.297500 0.150000 0.175000
3 0.086667 0.788750 0.020000 0.037500
0 0.900833 0.482500 0.071667 0.085000
3 0.885833 0.875000 0.098333 0.085000
3 0.586667 0.681250 0.090000 0.082500
0 0.712500 0.571250 0.135000 0.192500
3 0.072500 0.723750 0.065000 0.097500
