0 0.700000 0.375000 0.130000 0.190000
1 0.630833 0.806250 0.068333 0.142500
3 0.740000 0.090000 0.106667 0.130000
3 0.830833 0.843750 0.085000 0.157500
0 0.540833 0.883750 0.081667 0.122500
0 0.146667 0.620000 0.080000 0.160000
0 0.405833 0.762500 0.055000 0.065000
0 0.687500 0.656250 0.095000 0.162500
3 0.168333 0.615000 0.073333 0.055000
1 0.948333 0.387500 0.060000 0.065000
1 0.935000 0.297500 0.046667 0.095000
0 0.526667 0.370000 0.053333 0.070000
2 0.772500 0.638750 0.115000 0.217500
3 0.227500 0.635000 0.091667 0.105000
3 0.415000 0.832500 0.073333 0.110000
3 0.024167 0.371250 0.025000 0.037500
0 0.405000 0.275000 0.163333 0.240000
1 0.180833 0.537500 0.078333 0.095000
2 0.920000 0.641250 0.046667 0.077500
1 0.701667 0.788750 0.096667 0.117500
2 0.509167 0.262500 0.055000 0.125000
1 0.831667 0.761250 0.120000 0.177500
2 0.781667 0.462500 0.100000 0.150000
2 0.379167 0.598750 0.078333 0.137500
2 0.886667 0.226250 0.126667 0.167500
0 0.285833 0.787500 0.105000 0.165000
1 0.713333 0.362500 0.063333 0.090000
0 0.834167 0.637500 0.161667 0.225000
0 0.375000 0.762500 0.073333 0.115000
0 0.845000 0.557500 0.136667 0.190000
3 0.465000 0.771250 0.070000 0.162500
2 0.248333 0.258750 0.153333 0.187500
1 0.351667 0.155000 0.146667 0.180000
