0 0.710833 0.883750 0.071667 0.107500
1 0.873333 0.088750 0.060000 0.097500
0 0.555000 0.367500 0.046667 0.095000
2 0.525000 0.671250 0.090000 0.142500
2 0.340833 0.371250 0.048333 0.187500
0 0.526667 0.767500 0.086667 0.145000
3 0.890833 0.272500 0.068333 0.055000
3 0.427500 0.595000 0.038333 0.035000
2 0.895000 0.587500 0.080000 0.115000
2 0.182500 0.795000 0.088333 0.155000
2 0.656667 0.318750 0.106667 0.187500
0 0.057500 0.175000 0.038333 0.055000
0 0.160000 0.508750 0.120000 0.187500
2 0.930000 0.695000 0.050000 0.100000
0 0.467500 0.598750 0.055000 0.092500
1 0.320000 0.246250 0.090000 0.157500
1 0.220833 0.173750 0.035000 0.067500
0 0.845833 0.696250 0.135000 0.187500
0 0.107500 0.643750 0.061667 0.092500
1 0.655833 0.898750 0.045000 0.052500
2 0.908333 0.481250 0.086667 0.142500
1 0.708333 0.910000 0.040000 0.075000
1 0.317500 0.566250 0.078333 0.122500
1 0.502500 0.562500 0.141667 0.185000
0 0.904167 0.406250 0.055000 0.092500
2 0.570833 0.803750 0.071667 0.182500
0 0.577500 0.578750 0.191667 0.292500
2 0.081667 0.708750 0.096667 0.147500
0 0.260000 0.453750 0.076667 0.122500
0 0.485000 0.672500 0.143333 0.260000
0 0.585000 0.181250 0.053333 0.082500
2 0.123333 0.470000 0.096667 0.160000
0 0.450000 0.170000 0.040000 0.085000
2 0.067500 0.843750 0.045000 0.057500
0 0.760000 0.757500 0.110000 0.130000
2 0.100000 0.640000 0.096667 0.175000
2 0.616667 0.682500 0.140000 0.210000
