2 0.105833 0.701250 0.061667 0.097500
3 0.047500 0.207500 0.075000 0.085000
0 0.700000 0.150000 0.033333 0.050000
3 0.394167 0.648750 0.118333 0.127500
1 0.091667 0.322500 0.056667 0.070000
3 0.848333 0.496250 0.046667 0.052500
2 0.500833 0.555000 0.125000 0.210000
0 0.163333 0.668750 0.146667 0.257500
0 0.885000 0.847500 0.100000 0.150000
3 0.865000 0.711250 0.070000 0.072500
0 0.613333 0.191250 0.143333 0.217500
0 0.315000 0.400000 0.163333 0.235000
2 0.183333 0.252500 0.066667 0.065000
2 0.168333 0.530000 0.113333 0.105000
2 0.119167 0.740000 0.085000 0.200000
3 0.229167 0.720000 0.091667 0.090000
3 0.222500 0.298750 0.058333 0.057500
0 0.942500 0.645000 0.041667 0.070000
0 0.432500 0.550000 0.051667 0.075000
0 0.380000 0.602500 0.096667 0.175000
3 0.695000 0.861250 0.060000 0.062500
0 0.175000 0.621250 0.106667 0.207500
1 0.302500 0.260000 0.081667 0.095000
2 0.207500 0.628750 0.058333 0.062500
2 0.101667 0.447500 0.130000 0.090000
0 0.637500 0.366250 0.095000 0.162500
1 0.545833 0.723750 0.028333 0.032500
0 0.740833 0.857500 0.075000 0.115000
0 0.500000 0.331250 0.136667 0.197500
2 0.419167 0.351250 0.111667 0.147500
3 0.708333 0.860000 0.036667 0.055000
1 0.584167 0.367500 0.101667 0.155000
3 0.310833 0.506250 0.131667 0.097500
0 0.585000 0.147500 0.073333 0.115000
1 0.486667 0.266250 0.100000 0.217500
3 0.865833 0.643750 0.058333 0.052500
0 0.913333 0.266250 0.130000 0.177500
1 0.527500 0.088750 0.101667 0.107500
3 0.248333 0.845000 0.036667 0.110000
2 0.265000 0.723750 0.100000 0.142500
2 0.395000 0.022500 0.026667 0.040000
1 0.632500 0.475000 0.048333 0.060000
0 0.748333 0.440000 0.116667 0.225000
2 0.749167 0.812500 0.115000 0.165000
0 0.752500 0.841250 0.091667 0.172500
0 0.776667 0.096250 0.053333 0.072500
1 0.690833 0.118750 0.138333 0.217500
0 0.295000 0.488750 0.040000 0.057500
