1 0.385000 0.696250 0.090000 0.102500
0 0.084167 0.403750 0.168333 0.242500
2 0.673333 0.321250 0.123333 0.137500
0 0.040000 0.068750 0.053333 0.087500
3 0.066667 0.125000 0.063333 0.065000
1 0.284167 0.778750 0.131667 0.177500
0 0.447500 0.390000 0.171667 0.255000
1 0.671667 0.413750 0.103333 0.197500
0 0.180000 0.855000 0.106667 0.135000
0 0.335833 0.525000 0.125000 0.225000
0 0.431667 0.345000 0.153333 0.205000
0 0.131667 0.296250 0.050000 0.072500
3 0.163333 0.846250 0.080000 0.092500
2 0.777500 0.437500 0.125000 0.215000
0 0.070833 0.141250 0.141667 0.202500
1 0.727500 0.737500 0.151667 0.205000
2 0.750000 0.267500 0.070000 0.100000
3 0.770833 0.337500 0.065000 0.175000
3 0.163333 0.635000 0.103333 0.155000
1 0.605833 0.778750 0.075000 0.147500
0 0.720833 0.911250 0.101667 0.152500
0 0.952500 0.157500 0.061667 0.080000
3 0.047500 0.107500 0.091667 0.100000
3 0.645000 0.140000 0.043333 0.095000
0 0.810000 0.853750 0.043333 0.067500
0 0.835000 0.722500 0.066667 0.120000
0 0.798333 0.673750 0.143333 0.237500
1 0.192500 0.130000 0.091667 0.130000
1 0.435833 0.191250 0.055000 0.072500
2 0.230000 0.602500 0.060000 0.090000
3 0.595833 0.572500 0.018333 0.040000
1 0.291667 0.366250 0.203333 0.212500
1 0.728333 0.591250 0.140000 0.212500
2 0.613333 0.467500 0.136667 0.205000
1 0.933333 0.640000 0.043333 0.045000
2 0.535833 0.130000 0.075000 0.085000
0 0.841667 0.412500 0.083333 0.135000
2 0.790000 0.515000 0.003333 0.075000
2 0.797500 0.515000 0.095000 0.205000
0 0.611667 0.680000 0.120000 0.140000
3 0.631667 0.508750 0.016667 0.042500
1 0.738333 0.562500 0.043333 0.055000
2 0.856667 0.396250 0.110000 0.157500
0 0.798333 0.496250 0.106667 0.162500
