1 0.119167 0.495000 0.088333 0.105000
2 0.231667 0.518750 0.080000 0.217500
3 0.151667 0.507500 0.130000 0.100000
2 0.577500 0.348750 0.041667 0.032500
1 0.320000 0.243750 0.086667 0.172500
1 0.575833 0.121250 0.081667 0.092500
2 0.820000 0.393750 0.083333 0.177500
1 0.102500 0.673750 0.088333 0.137500
0 0.811667 0.110000 0.133333 0.200000
3 0.840833 0.416250 0.168333 0.167500
0 0.170000 0.487500 0.076667 0.110000
1 0.726667 0.365000 0.136667 0.190000
3 0.753333 0.113750 0.080000 0.077500
0 0.855000 0.552500 0.050000 0.075000
1 0.593333 0.187500 0.076667 0.075000
0 0.220000 0.566250 0.086667 0.152500
2 0.467500 0.215000 0.035000 0.090000
3 0.859167 0.823750 0.028333 0.032500
0 0.665000 0.528750 0.143333 0.167500
0 0.060000 0.317500 0.120000 0.215000
