1 0.314167 0.757500 0.041667 0.095000
1 0.150000 0.263750 0.083333 0.142500
0 0.471667 0.771250 0.136667 0.172500
1 0.847500 0.436250 0.085000 0.197500
3 0.652500 0.286250 0.028333 0.047500
0 0.562500 0.775000 0.141667 0.215000
0 0.418333 0.661250 0.093333 0.132500
1 0.793333 0.775000 0.150000 0.180000
1 0.645833 0.590000 0.085000 0.185000
3 0.407500 0.876250 0.061667 0.122500
2 0.520000 0.092500 0.126667 0.150000
2 0.087500 0.675000 0.128333 0.180000
0 0.620000 0.618750 0.136667 0.242500
2 0.688333 0.585000 0.076667 0.110000
2 0.190833 0.542500 0.135000 0.155000
3 0.586667 0.388750 0.040000 0.122500
2 0.740833 0.121250 0.055000 0.082500
1 0.500833 0.192500 0.055000 0.105000
2 0.408333 0.126250 0.070000 0.092500
3 0.375833 0.730000 0.058333 0.045000
2 0.302500 0.202500 0.065000 0.055000
1 0.174167 0.692500 0.061667 0.115000
3 0.830000 0.622500 0.113333 0.190000
0 0.500833 0.233750 0.045000 0.102500
3 0.308333 0.257500 0.063333 0.050000
3 0.491667 0.475000 0.096667 0.090000
0 0.330833 0.700000 0.145000 0.195000
0 0.516667 0.921250 0.033333 0.052500
3 0.783333 0.598750 0.093333 0.092500
2 0.948333 0.683750 0.040000 0.042500
1 0.228333 0.037500 0.036667 0.075000
2 0.376667 0.785000 0.076667 0.230000
2 0.130833 0.795000 0.041667 0.030000
1 0.835833 0.356250 0.145000 0.142500
1 0.110000 0.606250 0.050000 0.097500
2 0.735000 0.851250 0.043333 0.062500
3 0.381667 0.185000 0.033333 0.050000
0 0.154167 0.502500 0.141667 0.235000
0 0.860000 0.567500 0.123333 0.140000
2 0.213333 0.425000 0.080000 0.215000
1 0.323333 0.486250 0.133333 0.227500
3 0.303333 0.885000 0.060000 0.080000
0 0.363333 0.752500 0.086667 0.155000
1 0.878333 0.172500 0.046667 0.070000
2 0.647500 0.408750 0.088333 0.132500
0 0.170833 0.793750 0.048333 0.112500
0 0.353333 0.441250 0.133333 0.197500
