1 0.579167 0.438750 0.051667 0.057500
0 0.120000 0.232500 0.060000 0.095000
1 0.096667 0.262500 0.123333 0.145000
1 0.922500 0.235000 0.031667 0.050000
0 0.813333 0.291250 0.073333 0.107500
0 0.811667 0.462500 0.060000 0.100000
0 0.060833 0.342500 0.101667 0.170000
2 0.396667 0.323750 0.026667 0.047500
1 0.617500 0.460000 0.091667 0.140000
1 0.661667 0.362500 0.073333 0.140000
2 0.175000 0.551250 0.030000 0.042500
0 0.658333 0.208750 0.196667 0.272500
3 0.045833 0.353750 0.078333 0.117500
1 0.518333 0.696250 0.080000 0.127500
3 0.191667 0.611250 0.163333 0.242500
3 0.744167 0.541250 0.131667 0.112500
3 0.370833 0.678750 0.178333 0.237500
3 0.155833 0.416250 0.088333 0.157500
0 0.170833 0.403750 0.108333 0.157500
