2 0.127500 0.881250 0.111667 0.157500
0 0.025000 0.535000 0.050000 0.060000
2 0.455833 0.098750 0.071667 0.067500
0 0.277500 0.772500 0.088333 0.160000
1 0.675000 0.536250 0.030000 0.047500
0 0.531667 0.333750 0.086667 0.127500
1 0.273333 0.448750 0.113333 0.207500
0 0.149167 0.756250 0.135000 0.217500
1 0.800000 0.146250 0.006667 0.002500
3 0.899167 0.318750 0.105000 0.077500
0 0.449167 0.803750 0.128333 0.272500
1 0.173333 0.486250 0.093333 0.117500
3 0.427500 0.142500 0.025000 0.045000
2 0.040833 0.421250 0.061667 0.092500
0 0.360000 0.263750 0.136667 0.237500
2 0.145833 0.825000 0.141667 0.165000
1 0.723333 0.596250 0.026667 0.047500
1 0.885833 0.465000 0.065000 0.135000
2 0.200000 0.725000 0.130000 0.110000
0 0.314167 0.715000 0.085000 0.115000
2 0.486667 0.628750 0.090000 0.207500
0 0.200000 0.738750 0.053333 0.067500
2 0.440000 0.178750 0.076667 0.132500
0 0.197500 0.450000 0.048333 0.070000
3 0.823333 0.468750 0.030000 0.047500
