3 0.564167 0.283750 0.098333 0.092500
2 0.847500 0.433750 0.055000 0.057500
0 0.325833 0.263750 0.121667 0.192500
0 0.907500 0.263750 0.151667 0.222500
3 0.399167 0.551250 0.191667 0.202500
1 0.322500 0.932500 0.038333 0.065000
1 0.740000 0.367500 0.103333 0.115000
0 0.838333 0.353750 0.096667 0.132500
1 0.467500 0.531250 0.035000 0.042500
1 0.059167 0.455000 0.051667 0.055000
0 0.074167 0.910000 0.065000 0.095000
3 0.141667 0.457500 0.060000 0.105000
2 0.579167 0.871250 0.055000 0.112500
2 0.066667 0.341250 0.030000 0.102500
0 0.290833 0.622500 0.111667 0.180000
1 0.495000 0.077500 0.073333 0.095000
1 0.812500 0.706250 0.145000 0.182500
1 0.400000 0.481250 0.056667 0.062500
3 0.025833 0.183750 0.028333 0.027500
1 0.084167 0.757500 0.101667 0.115000
3 0.118333 0.747500 0.043333 0.035000
3 0.479167 0.333750 0.045000 0.092500
