3 0.490000 0.332500 0.053333 0.090000
3 0.893333 0.391250 0.093333 0.162500
3 0.384167 0.197500 0.091667 0.075000
1 0.303333 0.775000 0.093333 0.105000
3 0.357500 0.583750 0.098333 0.157500
1 0.325833 0.505000 0.105000 0.150000
3 0.845000 0.873750 0.090000 0.112500
2 0.296667 0.425000 0.103333 0.150000
1 0.240833 0.575000 0.071667 0.080000
2 0.384167 0.451250 0.028333 0.037500
1 0.611667 0.417500 0.126667 0.220000
3 0.662500 0.716250 0.098333 0.142500
1 0.437500 0.030000 0.028333 0.055000
1 0.578333 0.820000 0.063333 0.075000
0 0.554167 0.313750 0.085000 0.152500
1 0.387500 0.418750 0.148333 0.157500
1 0.112500 0.571250 0.028333 0.077500
2 0.091667 0.341250 0.076667 0.097500
3 0.607500 0.555000 0.088333 0.095000
3 0.875000 0.626250 0.093333 0.107500
0 0.710833 0.252500 0.068333 0.085000
3 0.350833 0.680000 0.088333 0.145000
1 0.174167 0.075000 0.091667 0.150000
3 0.323333 0.515000 0.066667 0.115000
2 0.854167 0.237500 0.068333 0.135000
1 0.749167 0.133750 0.101667 0.222500
0 0.763333 0.155000 0.080000 0.095000
3 0.186667 0.151250 0.073333 0.057500
1 0.589167 0.465000 0.111667 0.165000
2 0.480000 0.262500 0.143333 0.230000
2 0.707500 0.248750 0.068333 0.202500
2 0.221667 0.123750 0.083333 0.167500
1 0.096667 0.313750 0.043333 0.062500
2 0.444167 0.646250 0.145000 0.172500
1 0.452500 0.551250 0.118333 0.127500
0 0.799167 0.628750 0.095000 0.142500
0 0.229167 0.415000 0.135000 0.185000
3 0.509167 0.196250 0.058333 0.087500
