1 0.647500 0.627500 0.078333 0.070000
1 0.939167 0.435000 0.031667 0.045000
2 0.248333 0.742500 0.080000 0.215000
0 0.761667 0.787500 0.053333 0.080000
3 0.423333 0.211250 0.093333 0.087500
2 0.195833 0.501250 0.125000 0.182500
0 0.524167 0.912500 0.078333 0.115000
2 0.279167 0.836250 0.111667 0.137500
3 0.767500 0.840000 0.061667 0.105000
3 0.334167 0.632500 0.028333 0.035000
0 0.716667 0.403750 0.143333 0.187500
0 0.213333 0.731250 0.130000 0.207500
2 0.690833 0.642500 0.155000 0.150000
2 0.338333 0.130000 0.060000 0.075000
0 0.327500 0.405000 0.165000 0.220000
3 0.021667 0.906250 0.026667 0.022500
0 0.105000 0.892500 0.066667 0.080000
3 0.252500 0.686250 0.105000 0.132500
3 0.572500 0.840000 0.045000 0.110000
2 0.583333 0.218750 0.036667 0.047500
3 0.097500 0.560000 0.121667 0.150000
1 0.745000 0.660000 0.140000 0.190000
2 0.529167 0.255000 0.055000 0.110000
2 0.691667 0.166250 0.126667 0.157500
0 0.667500 0.613750 0.171667 0.277500
3 0.475833 0.648750 0.098333 0.167500
3 0.418333 0.525000 0.016667 0.040000
3 0.268333 0.855000 0.086667 0.065000
0 0.480833 0.218750 0.055000 0.077500
2 0.392500 0.230000 0.071667 0.075000
1 0.092500 0.348750 0.105000 0.182500
1 0.843333 0.453750 0.093333 0.132500
0 0.576667 0.040000 0.033333 0.065000
3 0.739167 0.192500 0.041667 0.065000
3 0.217500 0.120000 0.025000 0.040000
1 0.837500 0.720000 0.108333 0.130000
2 0.124167 0.222500 0.091667 0.230000
3 0.177500 0.100000 0.051667 0.095000
