3 0.525000 0.560000 0.086667 0.140000
0 0.376667 0.660000 0.183333 0.275000
2 0.700000 0.361250 0.110000 0.242500
1 0.911667 0.460000 0.103333 0.145000
3 0.637500 0.136250 0.101667 0.072500
1 0.709167 0.177500 0.075000 0.065000
0 0.505000 0.406250 0.146667 0.222500
0 0.513333 0.213750 0.040000 0.047500
0 0.677500 0.765000 0.065000 0.080000
3 0.300833 0.811250 0.098333 0.147500
1 0.715833 0.083750 0.061667 0.077500
3 0.532500 0.150000 0.075000 0.110000
1 0.894167 0.910000 0.078333 0.115000
0 0.545000 0.443750 0.080000 0.172500
