1 0.895833 0.625000 0.065000 0.090000
2 0.261667 0.748750 0.033333 0.042500
2 0.555833 0.571250 0.061667 0.142500
0 0.069167 0.172500 0.131667 0.210000
2 0.165000 0.796250 0.076667 0.117500
3 0.056667 0.132500 0.036667 0.060000
0 0.408333 0.790000 0.130000 0.165000
3 0.918333 0.141250 0.083333 0.062500
1 0.881667 0.647500 0.120000 0.155000
3 0.788333 0.682500 0.100000 0.115000
2 0.428333 0.290000 0.043333 0.040000
0 0.321667 0.193750 0.153333 0.242500
0 0.141667 0.538750 0.176667 0.212500
2 0.469167 0.380000 0.051667 0.065000
0 0.055833 0.222500 0.068333 0.095000
1 0.385000 0.300000 0.063333 0.080000
1 0.185000 0.380000 0.126667 0.175000
0 0.680000 0.790000 0.153333 0.250000
3 0.160000 0.481250 0.090000 0.072500
2 0.852500 0.323750 0.098333 0.127500
3 0.799167 0.795000 0.101667 0.160000
2 0.175833 0.655000 0.128333 0.185000
1 0.526667 0.822500 0.026667 0.050000
1 0.757500 0.217500 0.121667 0.150000
3 0.627500 0.861250 0.031667 0.057500
2 0.637500 0.620000 0.165000 0.200000
2 0.273333 0.780000 0.110000 0.135000
3 0.613333 0.430000 0.126667 0.120000
0 0.643333 0.668750 0.153333 0.187500
3 0.642500 0.708750 0.125000 0.142500
1 0.063333 0.422500 0.050000 0.080000
1 0.494167 0.507500 0.095000 0.205000
2 0.461667 0.182500 0.100000 0.175000
0 0.745833 0.735000 0.045000 0.065000
2 0.613333 0.642500 0.150000 0.215000
3 0.200000 0.287500 0.110000 0.105000
1 0.440833 0.698750 0.075000 0.152500
3 0.611667 0.220000 0.050000 0.065000
2 0.280000 0.891250 0.093333 0.142500
3 0.767500 0.420000 0.071667 0.195000
1 0.231667 0.555000 0.126667 0.160000
2 0.126667 0.870000 0.086667 0.145000
2 0.258333 0.716250 0.150000 0.222500
2 0.351667 0.366250 0.133333 0.177500
0 0.612500 0.387500 0.135000 0.160000
