3 0.663333 0.702500 0.026667 0.060000
2 0.227500 0.715000 0.081667 0.250000
0 0.931667 0.310000 0.046667 0.065000
0 0.535000 0.216250 0.070000 0.087500
0 0.128333 0.722500 0.170000 0.230000
2 0.192500 0.076250 0.095000 0.117500
0 0.175833 0.422500 0.131667 0.170000
1 0.693333 0.670000 0.133333 0.155000
1 0.597500 0.385000 0.095000 0.140000
0 0.600833 0.521250 0.068333 0.137500
0 0.123333 0.735000 0.153333 0.180000
3 0.387500 0.798750 0.051667 0.117500
1 0.846667 0.537500 0.053333 0.060000
1 0.493333 0.807500 0.083333 0.170000
0 0.892500 0.792500 0.138333 0.205000
1 0.777500 0.170000 0.048333 0.090000
2 0.152500 0.180000 0.038333 0.040000
0 0.065833 0.528750 0.088333 0.142500
1 0.241667 0.225000 0.123333 0.160000
0 0.465000 0.526250 0.096667 0.147500
0 0.128333 0.211250 0.103333 0.142500
2 0.780000 0.636250 0.090000 0.162500
1 0.824167 0.466250 0.145000 0.197500
0 0.191667 0.395000 0.123333 0.185000
1 0.157500 0.085000 0.041667 0.060000
2 0.026667 0.073750 0.043333 0.087500
0 0.604167 0.792500 0.075000 0.095000
