3 0.026667 0.700000 0.053333 0.055000
2 0.862500 0.098750 0.071667 0.077500
3 0.342500 0.545000 0.028333 0.030000
2 0.942500 0.498750 0.048333 0.097500
0 0.495833 0.462500 0.111667 0.175000
3 0.167500 0.173750 0.185000 0.242500
2 0.927500 0.825000 0.048333 0.070000
0 0.164167 0.948750 0.031667 0.052500
1 0.411667 0.078750 0.040000 0.072500
0 0.425833 0.388750 0.091667 0.107500
2 0.758333 0.802500 0.113333 0.145000
3 0.818333 0.746250 0.026667 0.082500
0 0.755833 0.555000 0.068333 0.095000
1 0.695000 0.602500 0.193333 0.300000
1 0.426667 0.715000 0.093333 0.140000
1 0.331667 0.511250 0.070000 0.142500
0 0.665000 0.267500 0.113333 0.180000
3 0.329167 0.352500 0.075000 0.150000
3 0.371667 0.388750 0.080000 0.062500
0 0.897500 0.138750 0.081667 0.112500
1 0.346667 0.163750 0.040000 0.092500
1 0.077500 0.143750 0.111667 0.167500
2 0.535000 0.556250 0.036667 0.112500
0 0.396667 0.845000 0.093333 0.135000
2 0.817500 0.440000 0.135000 0.140000
0 0.476667 0.767500 0.186667 0.275000
1 0.494167 0.378750 0.055000 0.077500
1 0.068333 0.753750 0.103333 0.177500
2 0.791667 0.378750 0.083333 0.152500
3 0.851667 0.332500 0.066667 0.070000
2 0.368333 0.691250 0.110000 0.162500
3 0.676667 0.620000 0.053333 0.145000
1 0.167500 0.408750 0.038333 0.047500
0 0.304167 0.878750 0.148333 0.222500
2 0.327500 0.186250 0.118333 0.132500
0 0.347500 0.645000 0.105000 0.190000
0 0.229167 0.498750 0.125000 0.217500
2 0.677500 0.511250 0.038333 0.092500
2 0.410000 0.805000 0.036667 0.075000
3 0.740833 0.443750 0.031667 0.072500
0 0.718333 0.733750 0.096667 0.132500
2 0.570833 0.073750 0.001667 0.062500
0 0.821667 0.220000 0.083333 0.160000
2 0.469167 0.503750 0.018333 0.087500
3 0.699167 0.611250 0.045000 0.037500
2 0.404167 0.545000 0.041667 0.050000
1 0.317500 0.683750 0.065000 0.187500
