0 0.351667 0.863750 0.063333 0.072500
1 0.417500 0.636250 0.125000 0.167500
2 0.514167 0.228750 0.038333 0.042500
3 0.169167 0.851250 0.041667 0.122500
3 0.706667 0.431250 0.103333 0.072500
1 0.837500 0.571250 0.115000 0.157500
0 0.325000 0.272500 0.143333 0.260000
3 0.851667 0.415000 0.103333 0.155000
2 0.575833 0.111250 0.145000 0.177500
2 0.671667 0.495000 0.033333 0.050000
1 0.095000 0.560000 0.090000 0.110000
2 0.672500 0.641250 0.121667 0.142500
1 0.861667 0.322500 0.036667 0.070000
0 0.185833 0.853750 0.041667 0.062500
1 0.541667 0.487500 0.053333 0.060000
0 0.850833 0.610000 0.128333 0.205000
1 0.120000 0.471250 0.046667 0.097500
2 0.865000 0.357500 0.116667 0.225000
3 0.756667 0.510000 0.070000 0.140000
1 0.937500 0.875000 0.068333 0.115000
2 0.370000 0.463750 0.093333 0.152500
3 0.822500 0.196250 0.025000 0.022500
1 0.203333 0.318750 0.096667 0.177500
2 0.084167 0.598750 0.161667 0.162500
3 0.850000 0.755000 0.160000 0.160000
2 0.507500 0.497500 0.165000 0.155000
