2 0.820833 0.170000 0.061667 0.150000
0 0.356667 0.512500 0.113333 0.170000
0 0.167500 0.233750 0.135000 0.172500
1 0.287500 0.283750 0.101667 0.117500
3 0.536667 0.865000 0.056667 0.120000
1 0.435833 0.726250 0.081667 0.087500
2 0.733333 0.576250 0.140000 0.187500
0 0.148333 0.780000 0.163333 0.235000
0 0.940833 0.672500 0.091667 0.110000
0 0.595000 0.195000 0.133333 0.255000
1 0.638333 0.515000 0.070000 0.140000
3 0.340833 0.551250 0.181667 0.242500
2 0.125000 0.530000 0.116667 0.145000
3 0.371667 0.295000 0.120000 0.160000
1 0.963333 0.531250 0.043333 0.057500
0 0.275000 0.375000 0.056667 0.095000
0 0.522500 0.775000 0.128333 0.195000
0 0.501667 0.208750 0.153333 0.202500
1 0.075833 0.508750 0.028333 0.047500
2 0.090000 0.190000 0.093333 0.195000
1 0.806667 0.768750 0.053333 0.072500
1 0.719167 0.371250 0.041667 0.067500
2 0.738333 0.470000 0.050000 0.110000
0 0.269167 0.241250 0.065000 0.117500
2 0.366667 0.667500 0.083333 0.195000
1 0.553333 0.701250 0.043333 0.077500
0 0.782500 0.178750 0.155000 0.227500
2 0.662500 0.828750 0.008333 0.197500
2 0.780833 0.617500 0.085000 0.200000
3 0.296667 0.133750 0.026667 0.072500
1 0.171667 0.663750 0.116667 0.212500
0 0.799167 0.722500 0.185000 0.275000
