3 0.773333 0.317500 0.150000 0.125000
3 0.591667 0.605000 0.083333 0.125000
2 0.238333 0.707500 0.063333 0.085000
1 0.150000 0.540000 0.116667 0.150000
1 0.426667 0.583750 0.113333 0.132500
3 0.769167 0.918750 0.055000 0.042500
2 0.315000 0.600000 0.070000 0.160000
0 0.679167 0.640000 0.115000 0.180000
0 0.140833 0.355000 0.068333 0.095000
0 0.382500 0.507500 0.088333 0.135000
1 0.845833 0.715000 0.108333 0.130000
3 0.509167 0.541250 0.045000 0.032500
3 0.253333 0.413750 0.060000 0.042500
3 0.567500 0.320000 0.075000 0.195000
2 0.535000 0.877500 0.066667 0.185000
3 0.599167 0.417500 0.078333 0.110000
1 0.808333 0.097500 0.060000 0.100000
1 0.251667 0.810000 0.133333 0.170000
2 0.554167 0.735000 0.088333 0.125000
1 0.424167 0.672500 0.058333 0.105000
1 0.850833 0.486250 0.145000 0.142500
2 0.650833 0.416250 0.111667 0.117500
0 0.802500 0.085000 0.041667 0.060000
3 0.269167 0.558750 0.115000 0.072500
2 0.555833 0.602500 0.061667 0.050000
0 0.155000 0.540000 0.086667 0.125000
1 0.235000 0.326250 0.033333 0.047500
1 0.746667 0.208750 0.050000 0.072500
1 0.070833 0.790000 0.105000 0.135000
1 0.690833 0.603750 0.141667 0.202500
1 0.184167 0.537500 0.048333 0.055000
0 0.189167 0.306250 0.055000 0.062500
2 0.390833 0.587500 0.125000 0.115000
1 0.454167 0.481250 0.101667 0.162500
1 0.562500 0.283750 0.125000 0.122500
0 0.608333 0.095000 0.046667 0.075000
2 0.161667 0.552500 0.066667 0.060000
0 0.201667 0.165000 0.066667 0.110000
2 0.407500 0.080000 0.135000 0.105000
1 0.897500 0.386250 0.095000 0.112500
0 0.590000 0.387500 0.150000 0.275000
1 0.484167 0.111250 0.125000 0.217500
2 0.199167 0.862500 0.061667 0.090000
2 0.646667 0.105000 0.120000 0.150000
2 0.522500 0.475000 0.085000 0.125000
0 0.293333 0.567500 0.133333 0.205000
0 0.137500 0.112500 0.075000 0.105000
1 0.930000 0.928750 0.026667 0.042500
0 0.645833 0.221250 0.158333 0.177500
2 0.503333 0.413750 0.086667 0.137500
