3 0.120833 0.777500 0.021667 0.040000
0 0.514167 0.441250 0.211667 0.292500
3 0.364167 0.636250 0.071667 0.147500
1 0.130833 0.776250 0.091667 0.102500
1 0.203333 0.380000 0.063333 0.090000
1 0.084167 0.677500 0.031667 0.040000
1 0.467500 0.680000 0.115000 0.130000
0 0.708333 0.816250 0.046667 0.107500
3 0.261667 0.386250 0.066667 0.087500
0 0.565833 0.267500 0.105000 0.150000
2 0.792500 0.218750 0.055000 0.087500
1 0.294167 0.043750 0.031667 0.062500
0 0.444167 0.598750 0.095000 0.137500
3 0.460000 0.136250 0.076667 0.072500
1 0.113333 0.102500 0.123333 0.150000
3 0.232500 0.855000 0.078333 0.120000
2 0.591667 0.768750 0.070000 0.047500
0 0.330000 0.231250 0.140000 0.272500
1 0.076667 0.405000 0.120000 0.210000
3 0.778333 0.758750 0.060000 0.187500
2 0.645000 0.663750 0.043333 0.072500
0 0.278333 0.898750 0.050000 0.077500
2 0.330000 0.810000 0.136667 0.085000
2 0.301667 0.251250 0.070000 0.072500
2 0.777500 0.122500 0.038333 0.045000
2 0.626667 0.167500 0.030000 0.030000
0 0.090000 0.867500 0.036667 0.055000
3 0.877500 0.577500 0.058333 0.065000
3 0.599167 0.411250 0.058333 0.092500
1 0.305000 0.957500 0.030000 0.030000
2 0.816667 0.546250 0.133333 0.242500
0 0.400833 0.073750 0.055000 0.082500
1 0.755000 0.387500 0.043333 0.075000
0 0.944167 0.890000 0.048333 0.070000
1 0.287500 0.148750 0.095000 0.137500
1 0.392500 0.750000 0.115000 0.150000
3 0.190833 0.211250 0.091667 0.142500
2 0.313333 0.358750 0.103333 0.177500
3 0.825833 0.857500 0.058333 0.045000
3 0.455000 0.257500 0.033333 0.030000
0 0.565833 0.791250 0.151667 0.242500
0 0.188333 0.338750 0.130000 0.192500
2 0.547500 0.077500 0.035000 0.105000
