3 0.784167 0.082500 0.108333 0.090000
2 0.310000 0.523750 0.083333 0.162500
2 0.400833 0.826250 0.135000 0.162500
0 0.738333 0.332500 0.143333 0.210000
2 0.255000 0.852500 0.060000 0.095000
3 0.375833 0.332500 0.051667 0.050000
2 0.532500 0.178750 0.035000 0.047500
3 0.483333 0.657500 0.046667 0.030000
1 0.526667 0.196250 0.103333 0.162500
2 0.405833 0.076250 0.048333 0.072500
2 0.035000 0.292500 0.033333 0.070000
0 0.332500 0.810000 0.111667 0.160000
3 0.742500 0.712500 0.038333 0.055000
0 0.388333 0.252500 0.053333 0.080000
2 0.260833 0.850000 0.065000 0.085000
2 0.563333 0.898750 0.036667 0.057500
2 0.519167 0.548750 0.088333 0.052500
1 0.383333 0.552500 0.083333 0.145000
2 0.109167 0.451250 0.065000 0.172500
3 0.575000 0.546250 0.093333 0.112500
2 0.100833 0.217500 0.055000 0.130000
2 0.260000 0.426250 0.050000 0.062500
3 0.557500 0.108750 0.035000 0.087500
3 0.910833 0.796250 0.058333 0.142500
3 0.672500 0.356250 0.055000 0.057500
1 0.629167 0.552500 0.061667 0.110000
3 0.956667 0.393750 0.036667 0.042500
3 0.114167 0.686250 0.045000 0.042500
3 0.220000 0.467500 0.110000 0.075000
1 0.760000 0.293750 0.040000 0.047500
1 0.371667 0.240000 0.056667 0.070000
0 0.369167 0.312500 0.061667 0.125000
