2 0.301667 0.452500 0.030000 0.045000
1 0.452500 0.625000 0.118333 0.185000
0 0.095000 0.455000 0.110000 0.130000
2 0.338333 0.467500 0.113333 0.160000
3 0.917500 0.567500 0.038333 0.045000
1 0.335833 0.231250 0.138333 0.177500
1 0.501667 0.110000 0.066667 0.170000
0 0.357500 0.606250 0.075000 0.092500
0 0.905833 0.738750 0.038333 0.072500
0 0.232500 0.126250 0.121667 0.197500
0 0.780000 0.520000 0.060000 0.080000
1 0.733333 0.568750 0.130000 0.212500
2 0.755833 0.445000 0.038333 0.050000
0 0.720000 0.902500 0.120000 0.185000
0 0.260833 0.803750 0.095000 0.147500
1 0.847500 0.750000 0.128333 0.180000
2 0.361667 0.245000 0.120000 0.220000
0 0.344167 0.775000 0.088333 0.105000
1 0.245833 0.243750 0.131667 0.192500
0 0.106667 0.621250 0.056667 0.072500
1 0.305000 0.561250 0.053333 0.152500
1 0.273333 0.507500 0.106667 0.120000
3 0.720000 0.868750 0.053333 0.122500
2 0.740000 0.860000 0.196667 0.205000
3 0.703333 0.513750 0.073333 0.192500
3 0.037500 0.691250 0.051667 0.027500
0 0.231667 0.621250 0.113333 0.222500
1 0.816667 0.707500 0.090000 0.205000
2 0.831667 0.088750 0.130000 0.177500
3 0.377500 0.153750 0.085000 0.062500
3 0.856667 0.581250 0.076667 0.072500
3 0.248333 0.191250 0.036667 0.032500
2 0.212500 0.902500 0.061667 0.080000
2 0.116667 0.778750 0.160000 0.187500
3 0.530000 0.162500 0.060000 0.090000
0 0.785833 0.700000 0.135000 0.230000
0 0.200000 0.857500 0.056667 0.115000
1 0.518333 0.078750 0.100000 0.127500
