0 0.335000 0.321250 0.090000 0.132500
0 0.446667 0.375000 0.160000 0.240000
2 0.157500 0.613750 0.101667 0.137500
3 0.337500 0.472500 0.121667 0.100000
3 0.240000 0.586250 0.103333 0.117500
2 0.475833 0.332500 0.045000 0.070000
0 0.545000 0.561250 0.083333 0.132500
2 0.240833 0.366250 0.081667 0.117500
3 0.078333 0.545000 0.046667 0.135000
2 0.418333 0.250000 0.060000 0.090000
3 0.188333 0.412500 0.046667 0.060000
1 0.856667 0.602500 0.053333 0.060000
1 0.050000 0.421250 0.086667 0.117500
0 0.822500 0.182500 0.151667 0.225000
