2 0.315000 0.643750 0.063333 0.157500
3 0.309167 0.738750 0.048333 0.037500
2 0.874167 0.462500 0.058333 0.090000
1 0.435000 0.131250 0.026667 0.062500
3 0.747500 0.435000 0.045000 0.050000
3 0.033333 0.236250 0.013333 0.047500
3 0.303333 0.536250 0.096667 0.127500
2 0.085000 0.570000 0.133333 0.105000
3 0.388333 0.388750 0.066667 0.132500
0 0.747500 0.610000 0.108333 0.160000
0 0.589167 0.611250 0.108333 0.127500
2 0.626667 0.146250 0.130000 0.182500
1 0.851667 0.836250 0.126667 0.152500
2 0.665833 0.441250 0.111667 0.117500
2 0.138333 0.747500 0.096667 0.140000
0 0.464167 0.128750 0.118333 0.177500
1 0.352500 0.280000 0.151667 0.175000
3 0.849167 0.046250 0.045000 0.037500
3 0.825000 0.065000 0.100000 0.095000
0 0.770000 0.735000 0.076667 0.190000
2 0.345833 0.710000 0.101667 0.150000
1 0.925000 0.835000 0.140000 0.210000
3 0.745000 0.317500 0.023333 0.035000
0 0.661667 0.461250 0.156667 0.242500
2 0.285000 0.660000 0.140000 0.155000
1 0.814167 0.451250 0.091667 0.207500
3 0.762500 0.825000 0.045000 0.040000
2 0.504167 0.342500 0.048333 0.070000
2 0.427500 0.391250 0.051667 0.117500
1 0.073333 0.838750 0.100000 0.182500
1 0.277500 0.317500 0.035000 0.050000
