3 0.143333 0.435000 0.120000 0.145000
2 0.275000 0.413750 0.106667 0.102500
0 0.289167 0.160000 0.051667 0.070000
0 0.077500 0.170000 0.048333 0.080000
2 0.399167 0.815000 0.068333 0.070000
0 0.521667 0.433750 0.073333 0.127500
1 0.616667 0.497500 0.070000 0.105000
3 0.207500 0.435000 0.125000 0.110000
2 0.883333 0.677500 0.050000 0.070000
1 0.322500 0.365000 0.081667 0.115000
1 0.065833 0.161250 0.128333 0.142500
2 0.181667 0.885000 0.043333 0.065000
1 0.880000 0.072500 0.046667 0.065000
0 0.915000 0.317500 0.063333 0.090000
3 0.240833 0.441250 0.051667 0.102500
1 0.492500 0.040000 0.071667 0.080000
2 0.798333 0.535000 0.040000 0.050000
