0 0.673333 0.861250 0.080000 0.127500
0 0.662500 0.383750 0.048333 0.057500
3 0.393333 0.770000 0.026667 0.070000
0 0.247500 0.103750 0.068333 0.137500
0 0.381667 0.507500 0.166667 0.240000
0 0.851667 0.868750 0.106667 0.182500
3 0.225833 0.512500 0.101667 0.095000
0 0.415833 0.665000 0.075000 0.120000
3 0.102500 0.227500 0.018333 0.045000
0 0.119167 0.416250 0.101667 0.162500
1 0.170833 0.478750 0.091667 0.112500
2 0.628333 0.271250 0.073333 0.127500
0 0.916667 0.775000 0.140000 0.220000
2 0.893333 0.292500 0.103333 0.145000
0 0.287500 0.262500 0.131667 0.205000
1 0.203333 0.208750 0.330000 0.307500
1 0.574167 0.285000 0.128333 0.190000
1 0.815000 0.222500 0.046667 0.080000
1 0.475000 0.587500 0.020000 0.040000
2 0.444167 0.218750 0.028333 0.042500
0 0.169167 0.470000 0.158333 0.200000
0 0.348333 0.325000 0.073333 0.105000
2 0.245833 0.648750 0.098333 0.102500
3 0.713333 0.481250 0.073333 0.077500
3 0.205833 0.823750 0.091667 0.072500
1 0.585833 0.206250 0.081667 0.092500
2 0.911667 0.495000 0.063333 0.075000
2 0.212500 0.532500 0.071667 0.085000
2 0.315000 0.650000 0.086667 0.125000
0 0.750833 0.132500 0.145000 0.230000
3 0.039167 0.485000 0.035000 0.035000
0 0.827500 0.401250 0.061667 0.087500
0 0.754167 0.760000 0.185000 0.260000
0 0.655833 0.486250 0.115000 0.172500
2 0.580000 0.478750 0.056667 0.077500
3 0.770000 0.703750 0.026667 0.017500
2 0.519167 0.242500 0.061667 0.130000
