2 0.860833 0.628750 0.115000 0.192500
1 0.094167 0.218750 0.141667 0.182500
1 0.853333 0.107500 0.103333 0.125000
0 0.139167 0.671250 0.061667 0.082500
3 0.510833 0.190000 0.068333 0.140000
1 0.230833 0.182500 0.028333 0.050000
3 0.122500 0.470000 0.098333 0.175000
3 0.090000 0.680000 0.090000 0.130000
2 0.310833 0.757500 0.125000 0.100000
3 0.779167 0.236250 0.075000 0.092500
2 0.273333 0.916250 0.040000 0.107500
0 0.791667 0.882500 0.083333 0.095000
2 0.184167 0.106250 0.145000 0.132500
2 0.406667 0.081250 0.136667 0.132500
0 0.431667 0.506250 0.066667 0.092500
3 0.169167 0.373750 0.051667 0.102500
0 0.415833 0.612500 0.091667 0.130000
3 0.820000 0.867500 0.056667 0.050000
1 0.122500 0.226250 0.188333 0.212500
2 0.710000 0.152500 0.033333 0.035000
1 0.072500 0.808750 0.121667 0.177500
1 0.175833 0.828750 0.035000 0.057500
2 0.866667 0.536250 0.083333 0.132500
1 0.854167 0.302500 0.121667 0.165000
2 0.591667 0.536250 0.083333 0.077500
