1 0.894167 0.563750 0.118333 0.182500
1 0.116667 0.293750 0.073333 0.102500
2 0.689167 0.597500 0.045000 0.170000
2 0.796667 0.730000 0.113333 0.105000
1 0.500000 0.108750 0.026667 0.042500
3 0.360000 0.586250 0.066667 0.057500
3 0.736667 0.675000 0.173333 0.195000
3 0.857500 0.765000 0.038333 0.030000
2 0.871667 0.851250 0.043333 0.177500
0 0.577500 0.348750 0.145000 0.222500
2 0.845000 0.787500 0.176667 0.205000
2 0.565000 0.435000 0.036667 0.040000
0 0.696667 0.735000 0.090000 0.135000
1 0.570000 0.315000 0.100000 0.115000
3 0.610000 0.300000 0.130000 0.300000
2 0.764167 0.570000 0.048333 0.060000
0 0.554167 0.240000 0.165000 0.265000
1 0.274167 0.448750 0.061667 0.072500
2 0.499167 0.356250 0.105000 0.167500
0 0.832500 0.747500 0.058333 0.080000
3 0.326667 0.745000 0.066667 0.165000
2 0.501667 0.595000 0.143333 0.210000
1 0.377500 0.832500 0.115000 0.125000
2 0.535000 0.410000 0.176667 0.205000
3 0.530833 0.527500 0.268333 0.225000
3 0.238333 0.385000 0.080000 0.110000
0 0.833333 0.566250 0.120000 0.147500
2 0.453333 0.293750 0.046667 0.052500
0 0.275000 0.192500 0.130000 0.190000
0 0.802500 0.121250 0.108333 0.167500
0 0.430000 0.837500 0.143333 0.220000
3 0.191667 0.843750 0.040000 0.052500
2 0.850833 0.185000 0.148333 0.155000
3 0.200833 0.737500 0.051667 0.175000
3 0.838333 0.300000 0.066667 0.125000
0 0.210000 0.641250 0.163333 0.237500
3 0.605000 0.473750 0.030000 0.027500
1 0.143333 0.380000 0.156667 0.180000
3 0.590833 0.056250 0.115000 0.097500
0 0.676667 0.841250 0.040000 0.072500
0 0.799167 0.851250 0.081667 0.127500
2 0.703333 0.310000 0.123333 0.200000
3 0.799167 0.228750 0.025000 0.032500
