3 0.559167 0.758750 0.038333 0.052500
1 0.457500 0.201250 0.051667 0.057500
0 0.355000 0.770000 0.053333 0.125000
1 0.694167 0.255000 0.028333 0.050000
2 0.144167 0.625000 0.055000 0.080000
3 0.773333 0.681250 0.030000 0.052500
0 0.143333 0.167500 0.040000 0.060000
2 0.821667 0.087500 0.080000 0.055000
3 0.354167 0.172500 0.011667 0.040000
1 0.045000 0.368750 0.046667 0.057500
2 0.420833 0.515000 0.128333 0.160000
1 0.315833 0.591250 0.098333 0.187500
0 0.436667 0.570000 0.036667 0.055000
0 0.462500 0.148750 0.168333 0.212500
0 0.167500 0.413750 0.111667 0.152500
3 0.642500 0.282500 0.071667 0.140000
0 0.514167 0.348750 0.125000 0.187500
3 0.330833 0.437500 0.045000 0.100000
1 0.830000 0.046250 0.093333 0.092500
1 0.552500 0.513750 0.118333 0.217500
0 0.330000 0.875000 0.140000 0.210000
0 0.944167 0.115000 0.041667 0.065000
0 0.737500 0.665000 0.078333 0.120000
0 0.219167 0.595000 0.055000 0.085000
2 0.765000 0.418750 0.173333 0.202500
3 0.696667 0.232500 0.080000 0.080000
1 0.345833 0.562500 0.038333 0.050000
3 0.486667 0.696250 0.043333 0.037500
0 0.300000 0.235000 0.090000 0.135000
1 0.936667 0.476250 0.063333 0.092500
2 0.435000 0.176250 0.120000 0.192500
2 0.645833 0.282500 0.191667 0.310000
1 0.409167 0.832500 0.095000 0.135000
0 0.836667 0.881250 0.050000 0.077500
1 0.484167 0.623750 0.068333 0.147500
3 0.206667 0.128750 0.016667 0.052500
1 0.223333 0.505000 0.086667 0.200000
2 0.806667 0.828750 0.116667 0.112500
3 0.081667 0.747500 0.133333 0.135000
3 0.913333 0.648750 0.046667 0.052500
