2 0.831667 0.767500 0.096667 0.165000
1 0.173333 0.895000 0.176667 0.200000
3 0.435833 0.283750 0.061667 0.112500
2 0.714167 0.387500 0.035000 0.035000
0 0.885833 0.652500 0.161667 0.245000
3 0.303333 0.072500 0.103333 0.125000
2 0.232500 0.455000 0.098333 0.235000
0 0.807500 0.592500 0.158333 0.235000
3 0.726667 0.425000 0.096667 0.135000
0 0.530000 0.747500 0.053333 0.095000
3 0.330833 0.827500 0.028333 0.050000
3 0.388333 0.298750 0.046667 0.107500
2 0.219167 0.252500 0.148333 0.120000
1 0.153333 0.248750 0.080000 0.187500
1 0.600000 0.686250 0.060000 0.157500
3 0.529167 0.530000 0.098333 0.090000
2 0.337500 0.537500 0.091667 0.125000
0 0.937500 0.605000 0.035000 0.055000
1 0.380000 0.308750 0.116667 0.132500
3 0.691667 0.450000 0.030000 0.065000
