1 0.754167 0.755000 0.075000 0.120000
3 0.490000 0.722500 0.106667 0.075000
1 0.282500 0.333750 0.041667 0.077500
3 0.336667 0.592500 0.060000 0.065000
2 0.557500 0.858750 0.058333 0.062500
1 0.650833 0.666250 0.031667 0.062500
0 0.451667 0.286250 0.136667 0.267500
3 0.565833 0.112500 0.065000 0.145000
1 0.212500 0.846250 0.065000 0.097500
3 0.156667 0.276250 0.123333 0.172500
1 0.532500 0.541250 0.035000 0.037500
0 0.951667 0.118750 0.066667 0.077500
2 0.727500 0.737500 0.035000 0.090000
3 0.355000 0.705000 0.096667 0.110000
1 0.439167 0.502500 0.101667 0.130000
0 0.867500 0.515000 0.105000 0.170000
2 0.542500 0.372500 0.061667 0.180000
1 0.596667 0.828750 0.113333 0.147500
1 0.657500 0.865000 0.095000 0.155000
0 0.809167 0.731250 0.101667 0.147500
2 0.470833 0.871250 0.078333 0.157500
2 0.432500 0.286250 0.095000 0.152500
3 0.338333 0.397500 0.066667 0.110000
3 0.150833 0.687500 0.018333 0.040000
2 0.480000 0.311250 0.140000 0.227500
