1 0.101667 0.727500 0.043333 0.060000
3 0.471667 0.775000 0.166667 0.290000
1 0.707500 0.623750 0.091667 0.157500
0 0.806667 0.593750 0.106667 0.147500
2 0.247500 0.577500 0.098333 0.150000
1 0.146667 0.883750 0.083333 0.132500
2 0.735833 0.591250 0.181667 0.297500
1 0.255833 0.076250 0.038333 0.057500
2 0.280833 0.872500 0.111667 0.115000
1 0.086667 0.745000 0.133333 0.185000
2 0.144167 0.330000 0.111667 0.195000
2 0.401667 0.123750 0.116667 0.207500
2 0.612500 0.538750 0.131667 0.227500
0 0.405833 0.585000 0.085000 0.115000
1 0.457500 0.340000 0.088333 0.185000
3 0.278333 0.393750 0.070000 0.202500
0 0.613333 0.925000 0.076667 0.110000
0 0.134167 0.771250 0.118333 0.187500
1 0.589167 0.363750 0.065000 0.077500
0 0.641667 0.646250 0.083333 0.142500
2 0.611667 0.718750 0.013333 0.287500
2 0.605833 0.220000 0.085000 0.135000
0 0.734167 0.153750 0.128333 0.222500
0 0.590833 0.598750 0.121667 0.187500
1 0.784167 0.842500 0.101667 0.180000
2 0.733333 0.091250 0.056667 0.122500
2 0.265833 0.153750 0.035000 0.042500
1 0.792500 0.682500 0.058333 0.060000
0 0.405833 0.813750 0.125000 0.182500
0 0.464167 0.216250 0.058333 0.087500
0 0.616667 0.357500 0.083333 0.145000
3 0.630833 0.221250 0.061667 0.087500
2 0.116667 0.652500 0.126667 0.190000
3 0.675000 0.781250 0.066667 0.132500
1 0.132500 0.538750 0.138333 0.197500
0 0.805000 0.408750 0.093333 0.107500
2 0.333333 0.892500 0.046667 0.065000
1 0.398333 0.341250 0.040000 0.072500
0 0.809167 0.397500 0.135000 0.195000
2 0.190000 0.572500 0.113333 0.200000
