0 0.531667 0.105000 0.103333 0.175000
1 0.884167 0.487500 0.091667 0.080000
0 0.487500 0.807500 0.045000 0.065000
3 0.316667 0.491250 0.030000 0.077500
3 0.592500 0.403750 0.078333 0.062500
3 0.957500 0.830000 0.038333 0.070000
3 0.539167 0.780000 0.041667 0.040000
1 0.466667 0.353750 0.100000 0.152500
0 0.675833 0.593750 0.155000 0.227500
2 0.506667 0.946250 0.043333 0.047500
3 0.325000 0.727500 0.103333 0.130000
2 0.498333 0.777500 0.110000 0.180000
3 0.357500 0.252500 0.141667 0.120000
2 0.370000 0.106250 0.153333 0.207500
3 0.728333 0.203750 0.036667 0.052500
2 0.866667 0.806250 0.036667 0.047500
3 0.823333 0.188750 0.113333 0.172500
1 0.371667 0.446250 0.083333 0.112500
3 0.230000 0.573750 0.193333 0.257500
3 0.862500 0.068750 0.055000 0.057500
1 0.334167 0.710000 0.135000 0.210000
3 0.255000 0.146250 0.033333 0.052500
1 0.884167 0.436250 0.111667 0.197500
0 0.377500 0.487500 0.051667 0.090000
2 0.845833 0.348750 0.128333 0.167500
1 0.576667 0.145000 0.126667 0.145000
2 0.569167 0.498750 0.105000 0.087500
2 0.290833 0.223750 0.141667 0.182500
2 0.190833 0.825000 0.035000 0.040000
3 0.486667 0.128750 0.140000 0.132500
1 0.425000 0.842500 0.100000 0.110000
2 0.694167 0.936250 0.065000 0.072500
2 0.220000 0.841250 0.066667 0.062500
0 0.619167 0.136250 0.138333 0.222500
1 0.489167 0.210000 0.098333 0.130000
2 0.283333 0.825000 0.043333 0.050000
3 0.171667 0.355000 0.076667 0.140000
3 0.305000 0.280000 0.116667 0.145000
0 0.290000 0.752500 0.056667 0.110000
2 0.328333 0.248750 0.040000 0.057500
2 0.059167 0.357500 0.088333 0.200000
3 0.896667 0.511250 0.023333 0.057500
1 0.828333 0.751250 0.120000 0.182500
