0 0.149167 0.210000 0.085000 0.155000
0 0.948333 0.750000 0.043333 0.075000
1 0.860833 0.907500 0.038333 0.050000
2 0.138333 0.303750 0.113333 0.162500
0 0.061667 0.601250 0.110000 0.157500
0 0.174167 0.098750 0.081667 0.107500
2 0.766667 0.933750 0.053333 0.077500
2 0.785833 0.788750 0.068333 0.042500
1 0.813333 0.850000 0.173333 0.195000
0 0.838333 0.771250 0.136667 0.237500
3 0.063333 0.447500 0.036667 0.045000
0 0.856667 0.476250 0.103333 0.137500
2 0.389167 0.195000 0.081667 0.075000
2 0.645000 0.451250 0.096667 0.177500
1 0.834167 0.590000 0.091667 0.115000
2 0.215833 0.501250 0.058333 0.102500
2 0.292500 0.185000 0.138333 0.130000
2 0.733333 0.678750 0.040000 0.062500
3 0.745000 0.806250 0.053333 0.142500
2 0.828333 0.291250 0.040000 0.052500
1 0.504167 0.387500 0.118333 0.160000
3 0.015833 0.217500 0.021667 0.060000
2 0.685833 0.706250 0.045000 0.057500
0 0.316667 0.902500 0.110000 0.190000
0 0.380000 0.583750 0.080000 0.117500
2 0.301667 0.792500 0.033333 0.055000
0 0.226667 0.378750 0.156667 0.222500
