3 0.206667 0.740000 0.043333 0.050000
3 0.286667 0.560000 0.070000 0.095000
1 0.877500 0.115000 0.035000 0.075000
0 0.539167 0.327500 0.088333 0.110000
3 0.427500 0.830000 0.075000 0.175000
0 0.605833 0.728750 0.048333 0.072500
3 0.794167 0.583750 0.028333 0.022500
3 0.615833 0.447500 0.118333 0.155000
0 0.089167 0.422500 0.111667 0.185000
3 0.180833 0.597500 0.075000 0.090000
3 0.955833 0.882500 0.015000 0.055000
2 0.170000 0.913750 0.030000 0.042500
0 0.203333 0.837500 0.150000 0.205000
2 0.310000 0.165000 0.043333 0.060000
3 0.752500 0.135000 0.125000 0.105000
1 0.587500 0.823750 0.041667 0.047500
1 0.896667 0.741250 0.066667 0.077500
3 0.647500 0.083750 0.031667 0.027500
1 0.045833 0.530000 0.088333 0.110000
3 0.355833 0.235000 0.068333 0.195000
1 0.905833 0.268750 0.041667 0.062500
1 0.120000 0.597500 0.106667 0.115000
1 0.049167 0.696250 0.091667 0.117500
