1 0.609167 0.646250 0.111667 0.182500
3 0.375833 0.943750 0.035000 0.032500
3 0.547500 0.661250 0.078333 0.082500
1 0.449167 0.335000 0.028333 0.040000
1 0.687500 0.505000 0.095000 0.135000
3 0.746667 0.795000 0.113333 0.085000
1 0.370000 0.628750 0.040000 0.057500
0 0.169167 0.865000 0.068333 0.110000
1 0.165833 0.628750 0.101667 0.142500
1 0.808333 0.872500 0.190000 0.245000
0 0.737500 0.522500 0.038333 0.080000
2 0.598333 0.376250 0.100000 0.147500
1 0.666667 0.550000 0.160000 0.165000
3 0.640833 0.607500 0.031667 0.035000
1 0.870833 0.596250 0.068333 0.122500
1 0.320000 0.230000 0.050000 0.060000
3 0.710000 0.222500 0.093333 0.125000
2 0.100000 0.717500 0.046667 0.050000
0 0.384167 0.807500 0.231667 0.320000
0 0.820833 0.282500 0.128333 0.270000
3 0.554167 0.602500 0.065000 0.195000
3 0.793333 0.700000 0.066667 0.070000
0 0.359167 0.517500 0.058333 0.105000
3 0.090000 0.098750 0.036667 0.077500
1 0.870000 0.731250 0.086667 0.117500
2 0.250000 0.703750 0.053333 0.092500
3 0.810833 0.401250 0.061667 0.047500
0 0.406667 0.186250 0.103333 0.152500
0 0.174167 0.148750 0.031667 0.047500
0 0.279167 0.645000 0.088333 0.145000
3 0.440833 0.496250 0.075000 0.127500
2 0.543333 0.547500 0.043333 0.075000
0 0.880833 0.158750 0.108333 0.187500
0 0.140000 0.408750 0.063333 0.082500
1 0.364167 0.132500 0.088333 0.130000
2 0.415833 0.885000 0.088333 0.130000
1 0.819167 0.402500 0.058333 0.085000
0 0.930833 0.850000 0.085000 0.130000
1 0.940000 0.626250 0.053333 0.082500
3 0.516667 0.241250 0.113333 0.102500
2 0.403333 0.392500 0.180000 0.210000
0 0.183333 0.221250 0.100000 0.137500
3 0.204167 0.205000 0.061667 0.055000
2 0.119167 0.277500 0.105000 0.150000
0 0.293333 0.550000 0.163333 0.255000
3 0.168333 0.171250 0.036667 0.022500
0 0.394167 0.438750 0.161667 0.237500
3 0.817500 0.330000 0.078333 0.085000
1 0.648333 0.317500 0.083333 0.110000
0 0.675000 0.182500 0.140000 0.240000
