1 0.787500 0.117500 0.095000 0.140000
1 0.337500 0.232500 0.028333 0.040000
2 0.223333 0.310000 0.150000 0.135000
3 0.139167 0.343750 0.065000 0.072500
2 0.823333 0.853750 0.110000 0.107500
1 0.755833 0.321250 0.068333 0.102500
1 0.167500 0.716250 0.131667 0.142500
3 0.229167 0.721250 0.085000 0.062500
3 0.173333 0.286250 0.116667 0.147500
1 0.448333 0.520000 0.080000 0.100000
2 0.860833 0.767500 0.068333 0.115000
2 0.101667 0.803750 0.080000 0.092500
2 0.728333 0.457500 0.076667 0.195000
0 0.680000 0.236250 0.060000 0.077500
2 0.191667 0.618750 0.070000 0.067500
1 0.260833 0.240000 0.031667 0.040000
0 0.274167 0.697500 0.075000 0.110000
0 0.779167 0.218750 0.075000 0.107500
3 0.629167 0.326250 0.108333 0.127500
0 0.424167 0.565000 0.131667 0.170000
1 0.574167 0.340000 0.121667 0.165000
2 0.626667 0.841250 0.036667 0.082500
3 0.760833 0.570000 0.101667 0.095000
0 0.050000 0.926250 0.063333 0.102500
1 0.520833 0.491250 0.125000 0.157500
2 0.114167 0.912500 0.068333 0.060000
2 0.806667 0.092500 0.113333 0.115000
0 0.628333 0.113750 0.136667 0.227500
0 0.525000 0.401250 0.096667 0.147500
2 0.259167 0.160000 0.091667 0.085000
0 0.538333 0.922500 0.093333 0.135000
0 0.825000 0.210000 0.116667 0.175000
1 0.845000 0.141250 0.140000 0.212500
3 0.234167 0.616250 0.058333 0.047500
1 0.225833 0.410000 0.111667 0.155000
3 0.197500 0.436250 0.038333 0.042500
3 0.068333 0.671250 0.076667 0.127500
1 0.942500 0.565000 0.058333 0.100000
1 0.050000 0.855000 0.046667 0.065000
1 0.192500 0.348750 0.058333 0.057500
1 0.188333 0.338750 0.030000 0.037500
0 0.881667 0.568750 0.140000 0.207500
1 0.523333 0.571250 0.133333 0.172500
0 0.779167 0.636250 0.121667 0.242500
0 0.473333 0.633750 0.053333 0.087500
