1 0.146667 0.515000 0.103333 0.130000
3 0.808333 0.346250 0.103333 0.067500
2 0.690833 0.382500 0.091667 0.155000
0 0.882500 0.728750 0.158333 0.207500
1 0.435000 0.482500 0.070000 0.140000
0 0.723333 0.685000 0.056667 0.065000
1 0.133333 0.323750 0.086667 0.092500
2 0.510000 0.850000 0.113333 0.140000
3 0.245833 0.885000 0.031667 0.030000
3 0.729167 0.633750 0.065000 0.112500
2 0.465833 0.470000 0.095000 0.095000
2 0.218333 0.598750 0.060000 0.102500
2 0.666667 0.293750 0.110000 0.087500
2 0.307500 0.592500 0.085000 0.255000
3 0.555000 0.911250 0.033333 0.087500
2 0.678333 0.398750 0.076667 0.112500
