3 0.702500 0.772500 0.145000 0.145000
1 0.048333 0.562500 0.026667 0.030000
2 0.659167 0.518750 0.065000 0.132500
2 0.480833 0.957500 0.035000 0.040000
0 0.905833 0.626250 0.095000 0.137500
2 0.915000 0.428750 0.083333 0.092500
3 0.454167 0.230000 0.118333 0.145000
0 0.080000 0.891250 0.053333 0.092500
0 0.225833 0.131250 0.138333 0.232500
1 0.257500 0.255000 0.031667 0.060000
3 0.623333 0.715000 0.110000 0.085000
2 0.230833 0.321250 0.078333 0.092500
2 0.812500 0.451250 0.091667 0.072500
2 0.624167 0.312500 0.091667 0.160000
3 0.260000 0.441250 0.083333 0.082500
2 0.328333 0.711250 0.056667 0.082500
0 0.140000 0.300000 0.116667 0.195000
1 0.220833 0.292500 0.125000 0.125000
3 0.811667 0.535000 0.030000 0.035000
0 0.871667 0.811250 0.116667 0.182500
0 0.057500 0.556250 0.081667 0.122500
0 0.617500 0.735000 0.118333 0.245000
3 0.640000 0.755000 0.123333 0.115000
0 0.799167 0.701250 0.168333 0.252500
1 0.799167 0.827500 0.065000 0.085000
3 0.315000 0.265000 0.093333 0.100000
0 0.260000 0.785000 0.093333 0.190000
