3 0.839167 0.146250 0.138333 0.132500
3 0.243333 0.700000 0.033333 0.030000
1 0.645833 0.433750 0.025000 0.042500
1 0.416667 0.540000 0.133333 0.160000
2 0.533333 0.155000 0.126667 0.095000
2 0.287500 0.245000 0.118333 0.170000
0 0.778333 0.276250 0.070000 0.097500
1 0.435833 0.308750 0.131667 0.177500
1 0.851667 0.218750 0.110000 0.182500
1 0.923333 0.277500 0.046667 0.055000
0 0.526667 0.188750 0.153333 0.187500
2 0.294167 0.125000 0.108333 0.175000
2 0.514167 0.515000 0.041667 0.085000
2 0.793333 0.222500 0.056667 0.085000
3 0.706667 0.730000 0.036667 0.055000
2 0.320833 0.715000 0.075000 0.095000
0 0.115833 0.685000 0.128333 0.175000
0 0.484167 0.586250 0.115000 0.172500
