0 0.497500 0.192500 0.055000 0.070000
0 0.116667 0.490000 0.066667 0.100000
1 0.732500 0.771250 0.038333 0.052500
3 0.564167 0.166250 0.105000 0.137500
1 0.574167 0.127500 0.151667 0.220000
1 0.484167 0.630000 0.068333 0.100000
2 0.268333 0.666250 0.070000 0.057500
1 0.118333 0.145000 0.070000 0.125000
1 0.779167 0.190000 0.091667 0.125000
1 0.626667 0.373750 0.073333 0.077500
2 0.340000 0.202500 0.043333 0.060000
1 0.160833 0.507500 0.125000 0.195000
0 0.399167 0.752500 0.098333 0.130000
1 0.080833 0.241250 0.138333 0.172500
0 0.820833 0.732500 0.148333 0.185000
2 0.419167 0.108750 0.098333 0.082500
0 0.735000 0.750000 0.140000 0.210000
1 0.930833 0.461250 0.035000 0.042500
0 0.835000 0.898750 0.056667 0.092500
0 0.571667 0.630000 0.056667 0.095000
0 0.917500 0.445000 0.081667 0.140000
2 0.325000 0.572500 0.083333 0.255000
3 0.291667 0.791250 0.063333 0.122500
1 0.310000 0.313750 0.083333 0.082500
3 0.056667 0.283750 0.076667 0.177500
2 0.914167 0.246250 0.051667 0.082500
3 0.498333 0.521250 0.070000 0.092500
0 0.169167 0.721250 0.065000 0.152500
2 0.595000 0.665000 0.073333 0.145000
1 0.225000 0.485000 0.026667 0.050000
0 0.546667 0.482500 0.103333 0.125000
3 0.580000 0.813750 0.050000 0.042500
