3 0.860000 0.686250 0.080000 0.137500
1 0.309167 0.251250 0.041667 0.052500
3 0.054167 0.113750 0.038333 0.097500
1 0.929167 0.180000 0.081667 0.070000
2 0.624167 0.575000 0.045000 0.170000
3 0.520833 0.148750 0.095000 0.117500
0 0.209167 0.730000 0.131667 0.210000
2 0.261667 0.572500 0.126667 0.205000
0 0.075000 0.151250 0.043333 0.062500
0 0.039167 0.923750 0.065000 0.097500
1 0.655000 0.821250 0.043333 0.087500
3 0.704167 0.365000 0.191667 0.285000
0 0.340833 0.792500 0.105000 0.155000
1 0.666667 0.633750 0.096667 0.117500
0 0.168333 0.370000 0.066667 0.115000
0 0.316667 0.283750 0.040000 0.077500
1 0.350833 0.060000 0.088333 0.100000
1 0.070833 0.353750 0.088333 0.192500
1 0.651667 0.206250 0.100000 0.157500
2 0.605833 0.288750 0.055000 0.067500
0 0.342500 0.740000 0.108333 0.175000
3 0.436667 0.347500 0.086667 0.050000
0 0.342500 0.256250 0.191667 0.287500
0 0.151667 0.210000 0.050000 0.075000
2 0.431667 0.471250 0.116667 0.147500
0 0.921667 0.438750 0.096667 0.112500
1 0.562500 0.832500 0.051667 0.110000
0 0.619167 0.495000 0.151667 0.230000
0 0.696667 0.365000 0.066667 0.110000
3 0.477500 0.765000 0.078333 0.155000
3 0.053333 0.080000 0.076667 0.125000
1 0.182500 0.423750 0.065000 0.097500
0 0.325000 0.640000 0.070000 0.105000
3 0.935000 0.516250 0.050000 0.067500
2 0.327500 0.400000 0.051667 0.065000
2 0.093333 0.307500 0.106667 0.090000
0 0.166667 0.480000 0.126667 0.190000
0 0.258333 0.301250 0.143333 0.177500
