1 0.163333 0.376250 0.083333 0.077500
1 0.703333 0.113750 0.070000 0.112500
3 0.785833 0.520000 0.125000 0.160000
3 0.235000 0.665000 0.090000 0.100000
0 0.770000 0.671250 0.050000 0.077500
1 0.409167 0.625000 0.125000 0.140000
1 0.832500 0.672500 0.041667 0.050000
1 0.195833 0.346250 0.098333 0.127500
2 0.850833 0.095000 0.071667 0.175000
3 0.645000 0.342500 0.076667 0.050000
2 0.708333 0.432500 0.030000 0.060000
2 0.905000 0.266250 0.056667 0.107500
2 0.182500 0.735000 0.081667 0.205000
0 0.070833 0.536250 0.105000 0.122500
1 0.320833 0.230000 0.088333 0.080000
1 0.839167 0.651250 0.045000 0.077500
2 0.521667 0.146250 0.146667 0.152500
1 0.593333 0.767500 0.046667 0.060000
1 0.730000 0.527500 0.050000 0.055000
2 0.127500 0.560000 0.075000 0.105000
1 0.510000 0.698750 0.120000 0.202500
1 0.735000 0.718750 0.106667 0.142500
3 0.442500 0.541250 0.091667 0.087500
1 0.710833 0.361250 0.085000 0.097500
3 0.906667 0.686250 0.043333 0.052500
2 0.332500 0.456250 0.138333 0.142500
2 0.835000 0.126250 0.050000 0.142500
3 0.496667 0.785000 0.050000 0.175000
0 0.164167 0.423750 0.065000 0.107500
3 0.285833 0.756250 0.021667 0.072500
2 0.070000 0.730000 0.080000 0.245000
2 0.823333 0.113750 0.090000 0.107500
1 0.860000 0.653750 0.056667 0.102500
