3 0.129167 0.801250 0.058333 0.152500
1 0.231667 0.633750 0.056667 0.102500
3 0.211667 0.782500 0.053333 0.135000
1 0.454167 0.312500 0.125000 0.200000
3 0.160833 0.543750 0.065000 0.052500
0 0.323333 0.798750 0.116667 0.182500
2 0.796667 0.476250 0.116667 0.152500
1 0.400833 0.748750 0.115000 0.112500
2 0.055833 0.131250 0.108333 0.127500
1 0.066667 0.465000 0.040000 0.075000
2 0.785833 0.172500 0.075000 0.095000
1 0.680833 0.436250 0.095000 0.117500
0 0.600000 0.215000 0.093333 0.145000
0 0.918333 0.231250 0.070000 0.092500
3 0.461667 0.545000 0.113333 0.175000
3 0.271667 0.813750 0.086667 0.092500
3 0.873333 0.655000 0.046667 0.080000
0 0.911667 0.630000 0.170000 0.255000
2 0.505000 0.260000 0.086667 0.150000
3 0.969167 0.473750 0.025000 0.032500
0 0.325000 0.713750 0.040000 0.067500
1 0.463333 0.722500 0.090000 0.160000
1 0.882500 0.908750 0.051667 0.067500
3 0.853333 0.271250 0.070000 0.182500
2 0.678333 0.285000 0.046667 0.085000
3 0.850000 0.492500 0.033333 0.040000
0 0.307500 0.672500 0.101667 0.165000
1 0.061667 0.695000 0.036667 0.045000
3 0.541667 0.383750 0.140000 0.242500
1 0.728333 0.930000 0.036667 0.075000
0 0.316667 0.582500 0.113333 0.200000
1 0.540000 0.121250 0.030000 0.057500
1 0.597500 0.850000 0.088333 0.110000
2 0.343333 0.417500 0.090000 0.120000
2 0.347500 0.891250 0.081667 0.082500
3 0.166667 0.196250 0.093333 0.127500
1 0.192500 0.727500 0.058333 0.130000
1 0.594167 0.796250 0.145000 0.142500
3 0.361667 0.033750 0.083333 0.052500
1 0.273333 0.825000 0.103333 0.150000
3 0.547500 0.511250 0.091667 0.142500
2 0.779167 0.276250 0.141667 0.227500
0 0.165000 0.698750 0.060000 0.092500
1 0.878333 0.238750 0.086667 0.077500
2 0.179167 0.721250 0.131667 0.177500
1 0.104167 0.200000 0.125000 0.160000
0 0.684167 0.681250 0.061667 0.092500
2 0.765833 0.636250 0.058333 0.077500
2 0.485000 0.333750 0.096667 0.107500
