3 0.687500 0.357500 0.135000 0.235000
2 0.231667 0.575000 0.120000 0.100000
0 0.071667 0.610000 0.110000 0.185000
3 0.559167 0.613750 0.068333 0.077500
0 0.670833 0.658750 0.075000 0.112500
3 0.370833 0.101250 0.085000 0.122500
3 0.161667 0.313750 0.103333 0.117500
2 0.647500 0.428750 0.155000 0.207500
1 0.211667 0.565000 0.093333 0.185000
2 0.221667 0.628750 0.140000 0.167500
2 0.663333 0.060000 0.040000 0.055000
1 0.215000 0.262500 0.046667 0.075000
2 0.435000 0.350000 0.063333 0.060000
0 0.571667 0.793750 0.116667 0.162500
3 0.171667 0.636250 0.036667 0.067500
0 0.322500 0.547500 0.138333 0.235000
2 0.589167 0.673750 0.068333 0.072500
