0 0.114167 0.498750 0.098333 0.147500
3 0.651667 0.636250 0.056667 0.067500
1 0.901667 0.643750 0.033333 0.042500
0 0.350000 0.175000 0.133333 0.230000
1 0.537500 0.408750 0.075000 0.127500
3 0.472500 0.076250 0.038333 0.037500
3 0.370000 0.312500 0.036667 0.030000
2 0.605833 0.800000 0.088333 0.205000
3 0.341667 0.173750 0.060000 0.097500
0 0.366667 0.647500 0.176667 0.265000
0 0.492500 0.517500 0.068333 0.115000
0 0.258333 0.343750 0.113333 0.152500
0 0.790833 0.356250 0.121667 0.142500
2 0.942500 0.886250 0.071667 0.117500
2 0.462500 0.067500 0.041667 0.080000
2 0.128333 0.798750 0.036667 0.082500
2 0.180833 0.521250 0.065000 0.107500
3 0.432500 0.861250 0.101667 0.102500
3 0.174167 0.215000 0.061667 0.115000
0 0.090000 0.316250 0.086667 0.127500
3 0.589167 0.547500 0.028333 0.050000
2 0.768333 0.918750 0.050000 0.052500
2 0.124167 0.511250 0.061667 0.082500
1 0.271667 0.182500 0.133333 0.155000
3 0.564167 0.570000 0.108333 0.165000
3 0.171667 0.743750 0.040000 0.062500
0 0.516667 0.886250 0.066667 0.077500
3 0.537500 0.685000 0.041667 0.045000
1 0.319167 0.352500 0.105000 0.185000
0 0.111667 0.436250 0.143333 0.212500
2 0.709167 0.426250 0.151667 0.162500
2 0.082500 0.637500 0.078333 0.115000
2 0.622500 0.060000 0.031667 0.115000
1 0.722500 0.892500 0.065000 0.105000
1 0.590000 0.866250 0.060000 0.147500
0 0.617500 0.818750 0.118333 0.232500
2 0.525000 0.350000 0.126667 0.165000
3 0.415000 0.036250 0.066667 0.062500
2 0.380000 0.473750 0.110000 0.152500
1 0.622500 0.457500 0.151667 0.185000
1 0.605000 0.520000 0.080000 0.185000
2 0.370833 0.767500 0.078333 0.120000
0 0.430000 0.808750 0.090000 0.127500
3 0.543333 0.695000 0.106667 0.100000
0 0.227500 0.458750 0.025000 0.052500
0 0.755000 0.580000 0.076667 0.110000
3 0.106667 0.411250 0.036667 0.082500
2 0.620000 0.241250 0.046667 0.067500
