2 0.096667 0.772500 0.146667 0.155000
3 0.832500 0.321250 0.101667 0.147500
3 0.764167 0.386250 0.058333 0.102500
1 0.416667 0.125000 0.080000 0.100000
0 0.223333 0.362500 0.113333 0.165000
2 0.484167 0.366250 0.085000 0.157500
3 0.600000 0.583750 0.076667 0.067500
3 0.865000 0.172500 0.060000 0.135000
3 0.476667 0.490000 0.130000 0.125000
1 0.899167 0.930000 0.058333 0.085000
3 0.858333 0.707500 0.050000 0.115000
0 0.334167 0.363750 0.041667 0.062500
2 0.910000 0.061250 0.056667 0.067500
1 0.867500 0.571250 0.061667 0.092500
0 0.116667 0.450000 0.046667 0.095000
0 0.260000 0.146250 0.180000 0.262500
0 0.563333 0.407500 0.130000 0.205000
2 0.118333 0.597500 0.066667 0.080000
0 0.555833 0.293750 0.081667 0.112500
3 0.835833 0.373750 0.105000 0.172500
3 0.951667 0.187500 0.053333 0.065000
0 0.744167 0.446250 0.055000 0.082500
2 0.870000 0.183750 0.126667 0.117500
1 0.206667 0.472500 0.056667 0.070000
1 0.490833 0.020000 0.035000 0.040000
2 0.710000 0.165000 0.106667 0.110000
0 0.181667 0.700000 0.086667 0.120000
1 0.815000 0.570000 0.093333 0.185000
2 0.272500 0.731250 0.025000 0.072500
1 0.023333 0.286250 0.036667 0.057500
3 0.595000 0.825000 0.060000 0.110000
0 0.237500 0.710000 0.131667 0.200000
2 0.250000 0.687500 0.160000 0.195000
0 0.289167 0.828750 0.158333 0.252500
2 0.446667 0.777500 0.100000 0.085000
1 0.651667 0.481250 0.090000 0.107500
0 0.449167 0.237500 0.128333 0.160000
3 0.546667 0.138750 0.050000 0.167500
0 0.225000 0.595000 0.123333 0.160000
2 0.181667 0.637500 0.123333 0.160000
0 0.449167 0.837500 0.055000 0.095000
2 0.541667 0.711250 0.096667 0.087500
0 0.266667 0.225000 0.120000 0.190000
3 0.856667 0.756250 0.060000 0.172500
2 0.090833 0.386250 0.118333 0.127500
