1 0.781667 0.818750 0.093333 0.122500
3 0.132500 0.633750 0.111667 0.157500
2 0.912500 0.341250 0.105000 0.102500
3 0.055000 0.091250 0.056667 0.157500
1 0.899167 0.630000 0.088333 0.165000
2 0.635000 0.210000 0.076667 0.140000
1 0.345000 0.381250 0.046667 0.057500
1 0.455833 0.356250 0.038333 0.052500
2 0.746667 0.168750 0.083333 0.122500
1 0.504167 0.441250 0.131667 0.182500
3 0.199167 0.707500 0.035000 0.045000
0 0.420000 0.290000 0.040000 0.065000
0 0.737500 0.478750 0.088333 0.132500
2 0.456667 0.805000 0.043333 0.160000
3 0.074167 0.230000 0.081667 0.070000
1 0.866667 0.082500 0.090000 0.110000
1 0.281667 0.673750 0.073333 0.087500
1 0.172500 0.722500 0.045000 0.060000
0 0.465000 0.706250 0.040000 0.057500
1 0.452500 0.243750 0.128333 0.172500
2 0.476667 0.753750 0.096667 0.057500
1 0.630833 0.317500 0.135000 0.170000
3 0.542500 0.168750 0.051667 0.127500
1 0.645000 0.608750 0.053333 0.087500
1 0.615000 0.810000 0.116667 0.180000
0 0.538333 0.547500 0.113333 0.175000
3 0.578333 0.211250 0.040000 0.037500
2 0.370833 0.655000 0.035000 0.030000
2 0.185833 0.412500 0.121667 0.170000
2 0.460833 0.266250 0.141667 0.212500
1 0.396667 0.446250 0.106667 0.202500
1 0.323333 0.597500 0.090000 0.125000
3 0.382500 0.487500 0.091667 0.105000
3 0.497500 0.746250 0.125000 0.152500
