3 0.124167 0.282500 0.118333 0.085000
3 0.305000 0.177500 0.070000 0.190000
3 0.523333 0.726250 0.116667 0.147500
0 0.431667 0.345000 0.133333 0.270000
3 0.899167 0.066250 0.051667 0.062500
1 0.360000 0.368750 0.130000 0.132500
3 0.338333 0.642500 0.033333 0.070000
0 0.784167 0.780000 0.151667 0.205000
2 0.145833 0.251250 0.128333 0.192500
2 0.212500 0.497500 0.145000 0.215000
2 0.383333 0.280000 0.090000 0.245000
1 0.368333 0.233750 0.076667 0.102500
0 0.089167 0.188750 0.065000 0.077500
2 0.406667 0.745000 0.030000 0.110000
1 0.362500 0.663750 0.088333 0.107500
0 0.169167 0.653750 0.121667 0.202500
1 0.175833 0.528750 0.041667 0.067500
0 0.885833 0.675000 0.121667 0.185000
0 0.900000 0.742500 0.133333 0.200000
1 0.414167 0.253750 0.051667 0.067500
0 0.444167 0.461250 0.151667 0.222500
1 0.904167 0.161250 0.055000 0.067500
1 0.635833 0.648750 0.081667 0.102500
0 0.759167 0.513750 0.091667 0.172500
3 0.845000 0.278750 0.026667 0.032500
0 0.400833 0.803750 0.031667 0.042500
1 0.897500 0.681250 0.118333 0.212500
3 0.808333 0.067500 0.063333 0.040000
3 0.735833 0.645000 0.058333 0.080000
0 0.836667 0.326250 0.130000 0.147500
1 0.420000 0.608750 0.086667 0.112500
3 0.855000 0.711250 0.096667 0.157500
3 0.422500 0.505000 0.035000 0.090000
3 0.425000 0.606250 0.023333 0.047500
1 0.175833 0.717500 0.038333 0.055000
2 0.149167 0.650000 0.131667 0.230000
0 0.933333 0.810000 0.106667 0.195000
3 0.259167 0.226250 0.111667 0.082500
1 0.751667 0.912500 0.080000 0.120000
1 0.877500 0.517500 0.095000 0.205000
1 0.710833 0.470000 0.095000 0.110000
2 0.518333 0.278750 0.133333 0.207500
0 0.703333 0.757500 0.110000 0.180000
3 0.879167 0.363750 0.158333 0.157500
2 0.687500 0.536250 0.171667 0.222500
2 0.550833 0.151250 0.061667 0.047500
2 0.076667 0.693750 0.090000 0.147500
1 0.879167 0.370000 0.111667 0.185000
0 0.637500 0.221250 0.095000 0.137500
3 0.783333 0.443750 0.090000 0.087500
