0 0.476667 0.812500 0.190000 0.285000
0 0.423333 0.363750 0.090000 0.117500
1 0.299167 0.537500 0.095000 0.180000
1 0.769167 0.676250 0.101667 0.162500
2 0.404167 0.682500 0.095000 0.110000
2 0.750000 0.865000 0.056667 0.170000
1 0.913333 0.345000 0.003333 0.000000
3 0.116667 0.101250 0.046667 0.042500
1 0.468333 0.435000 0.130000 0.180000
2 0.465833 0.356250 0.055000 0.087500
1 0.525000 0.420000 0.130000 0.165000
3 0.740833 0.290000 0.231667 0.245000
3 0.436667 0.295000 0.076667 0.125000
1 0.130833 0.277500 0.081667 0.100000
0 0.253333 0.362500 0.053333 0.100000
2 0.064167 0.362500 0.065000 0.110000
0 0.675833 0.611250 0.105000 0.137500
