3 0.140833 0.573750 0.031667 0.062500
2 0.141667 0.493750 0.120000 0.112500
0 0.896667 0.672500 0.063333 0.100000
2 0.858333 0.412500 0.136667 0.165000
1 0.259167 0.465000 0.081667 0.105000
3 0.150000 0.286250 0.076667 0.092500
2 0.191667 0.796250 0.056667 0.132500
0 0.120000 0.327500 0.046667 0.070000
2 0.392500 0.317500 0.115000 0.160000
1 0.760833 0.733750 0.071667 0.097500
2 0.368333 0.442500 0.070000 0.120000
3 0.901667 0.508750 0.050000 0.072500
1 0.201667 0.782500 0.033333 0.045000
0 0.389167 0.145000 0.088333 0.210000
3 0.295000 0.842500 0.086667 0.100000
2 0.105000 0.163750 0.120000 0.172500
