2 0.823333 0.508750 0.043333 0.057500
3 0.181667 0.421250 0.073333 0.107500
2 0.215833 0.410000 0.051667 0.090000
3 0.565833 0.427500 0.035000 0.040000
1 0.734167 0.676250 0.131667 0.147500
3 0.156667 0.430000 0.036667 0.040000
3 0.603333 0.316250 0.113333 0.147500
2 0.521667 0.916250 0.040000 0.072500
2 0.404167 0.115000 0.135000 0.190000
0 0.802500 0.152500 0.068333 0.105000
0 0.866667 0.405000 0.076667 0.115000
2 0.385833 0.647500 0.095000 0.160000
3 0.297500 0.817500 0.115000 0.075000
3 0.269167 0.617500 0.081667 0.065000
2 0.755833 0.185000 0.058333 0.215000
2 0.100000 0.742500 0.040000 0.060000
1 0.375833 0.835000 0.055000 0.140000
3 0.643333 0.160000 0.146667 0.145000
3 0.103333 0.795000 0.073333 0.115000
2 0.656667 0.113750 0.100000 0.167500
3 0.658333 0.418750 0.023333 0.042500
3 0.754167 0.115000 0.028333 0.025000
3 0.773333 0.252500 0.123333 0.105000
