1 0.130000 0.433750 0.033333 0.037500
0 0.740000 0.723750 0.076667 0.087500
1 0.602500 0.922500 0.065000 0.065000
2 0.463333 0.307500 0.036667 0.035000
2 0.907500 0.860000 0.068333 0.075000
3 0.110000 0.650000 0.050000 0.060000
0 0.715833 0.675000 0.148333 0.210000
2 0.670000 0.482500 0.153333 0.250000
3 0.797500 0.250000 0.121667 0.140000
2 0.701667 0.427500 0.073333 0.145000
2 0.531667 0.917500 0.043333 0.120000
2 0.850000 0.343750 0.120000 0.217500
0 0.415833 0.526250 0.108333 0.132500
2 0.932500 0.088750 0.028333 0.037500
3 0.650000 0.128750 0.093333 0.102500
0 0.593333 0.327500 0.183333 0.230000
0 0.887500 0.771250 0.105000 0.167500
1 0.857500 0.240000 0.128333 0.165000
3 0.286667 0.343750 0.170000 0.252500
1 0.315000 0.400000 0.096667 0.130000
2 0.893333 0.156250 0.130000 0.147500
0 0.592500 0.333750 0.101667 0.167500
1 0.582500 0.127500 0.108333 0.125000
1 0.369167 0.252500 0.025000 0.050000
2 0.233333 0.532500 0.086667 0.075000
1 0.079167 0.115000 0.061667 0.080000
0 0.523333 0.597500 0.096667 0.190000
2 0.088333 0.760000 0.066667 0.110000
2 0.485833 0.272500 0.031667 0.085000
1 0.285833 0.495000 0.111667 0.165000
3 0.710833 0.245000 0.075000 0.110000
2 0.386667 0.571250 0.240000 0.287500
