0 0.494167 0.680000 0.095000 0.165000
3 0.800833 0.128750 0.051667 0.077500
1 0.224167 0.630000 0.018333 0.055000
2 0.730000 0.578750 0.163333 0.192500
2 0.692500 0.263750 0.078333 0.097500
1 0.850000 0.785000 0.143333 0.220000
2 0.436667 0.283750 0.143333 0.177500
0 0.754167 0.608750 0.088333 0.152500
3 0.660833 0.577500 0.118333 0.105000
2 0.247500 0.820000 0.171667 0.220000
1 0.547500 0.370000 0.111667 0.155000
2 0.781667 0.267500 0.003333 0.255000
3 0.350833 0.891250 0.068333 0.082500
0 0.648333 0.448750 0.073333 0.107500
