2 0.636667 0.588750 0.106667 0.132500
3 0.129167 0.233750 0.081667 0.132500
0 0.846667 0.410000 0.090000 0.175000
3 0.580000 0.633750 0.066667 0.072500
0 0.420000 0.196250 0.093333 0.132500
3 0.431667 0.467500 0.083333 0.070000
3 0.090833 0.760000 0.128333 0.180000
2 0.835833 0.861250 0.035000 0.137500
1 0.457500 0.715000 0.045000 0.085000
0 0.600000 0.347500 0.110000 0.175000
2 0.205000 0.275000 0.036667 0.035000
0 0.786667 0.216250 0.113333 0.162500
1 0.672500 0.571250 0.111667 0.137500
1 0.859167 0.788750 0.065000 0.107500
3 0.602500 0.186250 0.075000 0.082500
1 0.319167 0.450000 0.108333 0.225000
2 0.455000 0.496250 0.133333 0.157500
1 0.550000 0.483750 0.150000 0.182500
3 0.165000 0.637500 0.050000 0.090000
1 0.428333 0.106250 0.086667 0.172500
3 0.127500 0.357500 0.075000 0.130000
1 0.172500 0.400000 0.111667 0.200000
0 0.786667 0.873750 0.093333 0.117500
2 0.733333 0.623750 0.116667 0.107500
3 0.746667 0.441250 0.053333 0.062500
1 0.284167 0.375000 0.095000 0.130000
0 0.126667 0.777500 0.103333 0.190000
