1 0.095833 0.597500 0.108333 0.120000
0 0.281667 0.596250 0.133333 0.242500
1 0.306667 0.837500 0.063333 0.080000
1 0.306667 0.573750 0.113333 0.137500
3 0.480833 0.858750 0.081667 0.052500
2 0.087500 0.276250 0.045000 0.117500
1 0.470000 0.516250 0.086667 0.077500
0 0.336667 0.732500 0.060000 0.090000
3 0.583333 0.720000 0.033333 0.030000
3 0.069167 0.043750 0.078333 0.072500
0 0.632500 0.815000 0.128333 0.205000
2 0.418333 0.848750 0.086667 0.102500
1 0.035833 0.531250 0.041667 0.072500
0 0.258333 0.737500 0.056667 0.090000
0 0.585833 0.166250 0.068333 0.077500
1 0.566667 0.367500 0.136667 0.200000
2 0.469167 0.210000 0.051667 0.090000
3 0.591667 0.113750 0.043333 0.072500
3 0.734167 0.865000 0.018333 0.045000
3 0.291667 0.211250 0.083333 0.057500
2 0.605000 0.540000 0.090000 0.085000
2 0.761667 0.678750 0.280000 0.302500
0 0.282500 0.258750 0.131667 0.212500
3 0.911667 0.268750 0.063333 0.057500
1 0.498333 0.175000 0.023333 0.050000
3 0.325833 0.198750 0.085000 0.087500
1 0.843333 0.692500 0.100000 0.150000
0 0.566667 0.300000 0.153333 0.240000
1 0.427500 0.535000 0.085000 0.095000
0 0.395833 0.701250 0.155000 0.192500
2 0.656667 0.721250 0.093333 0.187500
0 0.563333 0.501250 0.056667 0.077500
2 0.461667 0.767500 0.066667 0.255000
2 0.052500 0.921250 0.025000 0.052500
0 0.395000 0.830000 0.083333 0.125000
0 0.672500 0.698750 0.091667 0.182500
3 0.925000 0.523750 0.053333 0.037500
2 0.958333 0.181250 0.046667 0.052500
3 0.177500 0.326250 0.081667 0.197500
3 0.761667 0.822500 0.090000 0.160000
2 0.584167 0.258750 0.171667 0.162500
0 0.237500 0.267500 0.038333 0.055000
2 0.463333 0.235000 0.040000 0.065000
0 0.391667 0.585000 0.180000 0.250000
3 0.040833 0.185000 0.051667 0.040000
0 0.502500 0.428750 0.125000 0.147500
3 0.582500 0.287500 0.095000 0.175000
