1 0.103333 0.120000 0.086667 0.220000
3 0.525833 0.355000 0.055000 0.105000
3 0.804167 0.610000 0.051667 0.055000
2 0.434167 0.725000 0.101667 0.205000
1 0.729167 0.391250 0.035000 0.072500
2 0.197500 0.935000 0.048333 0.050000
3 0.857500 0.115000 0.081667 0.100000
0 0.408333 0.170000 0.086667 0.130000
3 0.226667 0.286250 0.100000 0.122500
1 0.110833 0.617500 0.095000 0.200000
2 0.163333 0.892500 0.080000 0.070000
0 0.385833 0.815000 0.071667 0.120000
2 0.117500 0.090000 0.095000 0.115000
1 0.790000 0.146250 0.090000 0.112500
1 0.422500 0.303750 0.005000 0.002500
0 0.194167 0.490000 0.071667 0.105000
3 0.116667 0.398750 0.106667 0.077500
1 0.072500 0.121250 0.045000 0.052500
3 0.234167 0.212500 0.118333 0.100000
3 0.637500 0.673750 0.051667 0.062500
2 0.608333 0.563750 0.030000 0.042500
2 0.903333 0.748750 0.033333 0.062500
1 0.639167 0.820000 0.045000 0.075000
1 0.472500 0.277500 0.031667 0.055000
1 0.643333 0.898750 0.080000 0.107500
0 0.667500 0.353750 0.121667 0.182500
0 0.140000 0.868750 0.073333 0.117500
1 0.725000 0.840000 0.073333 0.170000
2 0.719167 0.862500 0.121667 0.175000
1 0.508333 0.225000 0.063333 0.145000
2 0.109167 0.412500 0.131667 0.155000
1 0.908333 0.207500 0.046667 0.055000
