2 0.135833 0.810000 0.035000 0.045000
0 0.680833 0.333750 0.091667 0.137500
0 0.557500 0.423750 0.075000 0.087500
2 0.798333 0.442500 0.140000 0.165000
1 0.204167 0.393750 0.078333 0.107500
3 0.023333 0.610000 0.026667 0.045000
0 0.774167 0.563750 0.075000 0.087500
0 0.222500 0.752500 0.065000 0.095000
2 0.734167 0.290000 0.108333 0.145000
0 0.319167 0.731250 0.145000 0.227500
0 0.796667 0.840000 0.133333 0.200000
3 0.055000 0.672500 0.110000 0.075000
2 0.265000 0.795000 0.076667 0.115000
1 0.446667 0.762500 0.130000 0.125000
3 0.207500 0.777500 0.058333 0.090000
0 0.476667 0.778750 0.090000 0.137500
3 0.081667 0.370000 0.100000 0.150000
2 0.160000 0.353750 0.043333 0.057500
2 0.379167 0.876250 0.048333 0.067500
1 0.470000 0.382500 0.053333 0.060000
3 0.633333 0.148750 0.050000 0.122500
0 0.253333 0.827500 0.146667 0.255000
2 0.817500 0.437500 0.045000 0.085000
1 0.451667 0.277500 0.100000 0.100000
0 0.490000 0.113750 0.060000 0.092500
3 0.491667 0.583750 0.056667 0.062500
0 0.680833 0.415000 0.128333 0.180000
0 0.068333 0.773750 0.133333 0.207500
0 0.372500 0.211250 0.108333 0.157500
2 0.107500 0.568750 0.078333 0.232500
1 0.551667 0.556250 0.136667 0.192500
0 0.770833 0.340000 0.161667 0.245000
1 0.580833 0.378750 0.061667 0.127500
1 0.552500 0.281250 0.091667 0.097500
2 0.860000 0.813750 0.160000 0.172500
2 0.200000 0.316250 0.066667 0.097500
2 0.160000 0.605000 0.090000 0.130000
0 0.716667 0.307500 0.136667 0.270000
0 0.404167 0.207500 0.051667 0.070000
2 0.502500 0.200000 0.058333 0.105000
3 0.600000 0.520000 0.110000 0.080000
1 0.296667 0.282500 0.090000 0.185000
2 0.395833 0.397500 0.101667 0.170000
0 0.651667 0.091250 0.070000 0.097500
