1 0.560833 0.526250 0.095000 0.142500
2 0.667500 0.150000 0.028333 0.085000
2 0.030000 0.823750 0.040000 0.047500
2 0.463333 0.612500 0.040000 0.060000
1 0.150833 0.707500 0.135000 0.150000
2 0.835833 0.708750 0.125000 0.167500
2 0.078333 0.692500 0.103333 0.180000
0 0.128333 0.586250 0.153333 0.202500
2 0.440000 0.431250 0.106667 0.207500
2 0.754167 0.740000 0.105000 0.150000
1 0.789167 0.263750 0.108333 0.147500
2 0.675833 0.477500 0.105000 0.215000
2 0.644167 0.635000 0.145000 0.145000
3 0.601667 0.890000 0.046667 0.075000
1 0.368333 0.481250 0.126667 0.197500
1 0.185833 0.368750 0.131667 0.172500
2 0.498333 0.477500 0.043333 0.080000
3 0.642500 0.517500 0.131667 0.130000
0 0.669167 0.168750 0.128333 0.207500
3 0.685833 0.846250 0.058333 0.147500
0 0.420833 0.532500 0.055000 0.080000
1 0.514167 0.772500 0.038333 0.085000
0 0.142500 0.773750 0.061667 0.102500
1 0.712500 0.092500 0.108333 0.090000
0 0.400833 0.717500 0.061667 0.090000
2 0.640000 0.137500 0.090000 0.095000
1 0.447500 0.242500 0.118333 0.150000
1 0.615833 0.845000 0.038333 0.050000
3 0.935000 0.210000 0.016667 0.055000
