2 0.432500 0.726250 0.078333 0.112500
0 0.629167 0.190000 0.048333 0.070000
0 0.845000 0.196250 0.190000 0.272500
0 0.750000 0.743750 0.166667 0.237500
1 0.059167 0.141250 0.068333 0.102500
1 0.346667 0.547500 0.070000 0.155000
1 0.386667 0.458750 0.066667 0.122500
1 0.355000 0.711250 0.060000 0.082500
0 0.769167 0.818750 0.038333 0.052500
0 0.717500 0.238750 0.161667 0.182500
2 0.310833 0.802500 0.031667 0.060000
2 0.413333 0.450000 0.033333 0.055000
2 0.845000 0.227500 0.040000 0.065000
0 0.559167 0.478750 0.098333 0.112500
2 0.402500 0.891250 0.048333 0.132500
1 0.162500 0.756250 0.091667 0.102500
1 0.073333 0.761250 0.093333 0.117500
1 0.202500 0.753750 0.051667 0.087500
3 0.841667 0.471250 0.043333 0.057500
1 0.220000 0.320000 0.133333 0.170000
1 0.334167 0.633750 0.021667 0.047500
1 0.554167 0.716250 0.131667 0.172500
1 0.190833 0.071250 0.065000 0.112500
1 0.091667 0.785000 0.053333 0.070000
2 0.225833 0.122500 0.101667 0.115000
1 0.560000 0.252500 0.076667 0.085000
0 0.200833 0.326250 0.031667 0.047500
3 0.100000 0.083750 0.060000 0.062500
1 0.878333 0.061250 0.086667 0.112500
3 0.940000 0.892500 0.030000 0.040000
2 0.291667 0.263750 0.103333 0.172500
1 0.522500 0.146250 0.111667 0.182500
1 0.536667 0.285000 0.120000 0.210000
2 0.517500 0.511250 0.051667 0.057500
1 0.395833 0.506250 0.055000 0.112500
3 0.875000 0.256250 0.040000 0.107500
1 0.341667 0.256250 0.213333 0.242500
3 0.900000 0.853750 0.116667 0.197500
1 0.280000 0.380000 0.126667 0.165000
0 0.825833 0.420000 0.135000 0.200000
1 0.600000 0.192500 0.080000 0.115000
3 0.523333 0.810000 0.073333 0.070000
0 0.597500 0.778750 0.141667 0.222500
