2 0.851667 0.581250 0.043333 0.057500
0 0.441667 0.933750 0.026667 0.057500
2 0.080833 0.508750 0.095000 0.092500
1 0.350833 0.775000 0.138333 0.185000
0 0.860833 0.432500 0.068333 0.090000
0 0.896667 0.856250 0.103333 0.162500
1 0.620000 0.591250 0.100000 0.117500
3 0.768333 0.247500 0.100000 0.125000
2 0.719167 0.582500 0.035000 0.050000
1 0.227500 0.890000 0.061667 0.080000
0 0.687500 0.808750 0.108333 0.187500
3 0.320000 0.170000 0.043333 0.145000
0 0.165833 0.225000 0.138333 0.220000
3 0.323333 0.817500 0.060000 0.150000
2 0.067500 0.201250 0.041667 0.052500
3 0.194167 0.415000 0.048333 0.070000
2 0.885000 0.206250 0.060000 0.182500
2 0.464167 0.560000 0.141667 0.225000
0 0.280000 0.647500 0.090000 0.140000
0 0.103333 0.406250 0.163333 0.232500
2 0.466667 0.457500 0.046667 0.070000
0 0.455000 0.443750 0.073333 0.102500
0 0.190833 0.785000 0.135000 0.180000
2 0.168333 0.258750 0.163333 0.267500
1 0.128333 0.636250 0.140000 0.172500
2 0.263333 0.173750 0.120000 0.197500
3 0.139167 0.531250 0.045000 0.097500
1 0.488333 0.827500 0.083333 0.115000
0 0.041667 0.176250 0.076667 0.167500
3 0.310000 0.112500 0.076667 0.110000
1 0.586667 0.547500 0.116667 0.210000
0 0.885833 0.510000 0.088333 0.110000
1 0.805000 0.220000 0.003333 0.000000
0 0.860000 0.723750 0.116667 0.187500
3 0.264167 0.582500 0.021667 0.040000
1 0.220833 0.485000 0.135000 0.195000
1 0.602500 0.643750 0.118333 0.107500
0 0.440000 0.521250 0.080000 0.117500
2 0.392500 0.585000 0.048333 0.125000
2 0.154167 0.167500 0.081667 0.115000
2 0.846667 0.937500 0.083333 0.120000
3 0.900000 0.452500 0.026667 0.080000
0 0.489167 0.437500 0.071667 0.105000
