1 0.028333 0.896250 0.050000 0.072500
2 0.164167 0.271250 0.145000 0.207500
0 0.665000 0.512500 0.143333 0.205000
0 0.937500 0.920000 0.038333 0.060000
1 0.719167 0.140000 0.031667 0.070000
0 0.915833 0.208750 0.145000 0.247500
0 0.020000 0.720000 0.040000 0.075000
2 0.362500 0.203750 0.111667 0.162500
2 0.647500 0.423750 0.041667 0.027500
3 0.229167 0.266250 0.031667 0.047500
3 0.885833 0.803750 0.051667 0.052500
0 0.567500 0.780000 0.071667 0.085000
0 0.182500 0.480000 0.055000 0.095000
1 0.309167 0.527500 0.095000 0.200000
3 0.174167 0.863750 0.038333 0.052500
2 0.229167 0.462500 0.131667 0.200000
0 0.154167 0.596250 0.098333 0.137500
1 0.455000 0.627500 0.093333 0.115000
2 0.055000 0.197500 0.046667 0.075000
0 0.369167 0.538750 0.101667 0.157500
2 0.361667 0.463750 0.140000 0.162500
1 0.153333 0.386250 0.086667 0.142500
0 0.045833 0.891250 0.045000 0.072500
1 0.875833 0.818750 0.075000 0.112500
3 0.680000 0.157500 0.103333 0.155000
0 0.278333 0.731250 0.040000 0.052500
