2 0.088333 0.300000 0.103333 0.095000
3 0.809167 0.370000 0.058333 0.050000
3 0.683333 0.856250 0.076667 0.077500
3 0.508333 0.791250 0.056667 0.107500
3 0.080833 0.186250 0.088333 0.122500
0 0.813333 0.791250 0.063333 0.092500
0 0.620000 0.132500 0.096667 0.145000
0 0.176667 0.265000 0.053333 0.080000
3 0.464167 0.398750 0.135000 0.142500
0 0.764167 0.841250 0.091667 0.112500
2 0.662500 0.333750 0.078333 0.067500
1 0.888333 0.915000 0.073333 0.110000
0 0.177500 0.201250 0.095000 0.212500
2 0.076667 0.772500 0.076667 0.135000
3 0.546667 0.811250 0.066667 0.102500
0 0.478333 0.783750 0.076667 0.117500
1 0.899167 0.151250 0.041667 0.067500
1 0.304167 0.745000 0.031667 0.085000
0 0.572500 0.376250 0.115000 0.192500
0 0.680833 0.116250 0.078333 0.157500
1 0.887500 0.271250 0.191667 0.217500
1 0.735000 0.505000 0.043333 0.100000
1 0.530833 0.561250 0.128333 0.167500
2 0.515833 0.686250 0.075000 0.147500
0 0.244167 0.161250 0.035000 0.052500
0 0.070000 0.682500 0.140000 0.205000
2 0.271667 0.481250 0.116667 0.167500
1 0.060833 0.545000 0.065000 0.125000
2 0.815833 0.312500 0.055000 0.080000
0 0.512500 0.166250 0.111667 0.172500
2 0.741667 0.240000 0.090000 0.095000
2 0.710833 0.508750 0.068333 0.102500
3 0.868333 0.868750 0.096667 0.132500
1 0.256667 0.442500 0.036667 0.045000
1 0.821667 0.501250 0.093333 0.142500
2 0.663333 0.422500 0.096667 0.105000
0 0.498333 0.305000 0.123333 0.180000
2 0.830000 0.438750 0.066667 0.097500
0 0.160000 0.232500 0.086667 0.130000
0 0.902500 0.221250 0.085000 0.122500
1 0.100000 0.660000 0.120000 0.150000
2 0.784167 0.720000 0.061667 0.130000
1 0.452500 0.633750 0.078333 0.112500
3 0.355833 0.878750 0.078333 0.077500
1 0.071667 0.062500 0.056667 0.065000
1 0.030833 0.607500 0.015000 0.045000
3 0.035000 0.036250 0.053333 0.052500
1 0.176667 0.773750 0.046667 0.082500
2 0.641667 0.416250 0.063333 0.092500
1 0.179167 0.425000 0.001667 0.000000
