2 0.688333 0.300000 0.066667 0.100000
0 0.540000 0.391250 0.146667 0.222500
3 0.301667 0.795000 0.056667 0.075000
2 0.242500 0.315000 0.038333 0.045000
1 0.958333 0.360000 0.040000 0.050000
3 0.967500 0.830000 0.025000 0.040000
2 0.305000 0.421250 0.233333 0.242500
1 0.920000 0.697500 0.053333 0.080000
0 0.595833 0.600000 0.131667 0.200000
1 0.485833 0.202500 0.145000 0.195000
3 0.821667 0.660000 0.076667 0.085000
0 0.300833 0.503750 0.108333 0.152500
3 0.370000 0.582500 0.060000 0.050000
3 0.901667 0.062500 0.026667 0.030000
3 0.650833 0.208750 0.078333 0.122500
1 0.601667 0.101250 0.123333 0.197500
1 0.831667 0.186250 0.123333 0.147500
1 0.530000 0.353750 0.063333 0.102500
2 0.460000 0.241250 0.196667 0.282500
1 0.122500 0.822500 0.118333 0.145000
0 0.835833 0.523750 0.145000 0.232500
0 0.507500 0.388750 0.105000 0.122500
0 0.703333 0.176250 0.073333 0.132500
1 0.399167 0.523750 0.131667 0.192500
1 0.481667 0.356250 0.060000 0.122500
0 0.259167 0.251250 0.111667 0.167500
2 0.513333 0.528750 0.090000 0.207500
2 0.937500 0.142500 0.065000 0.100000
2 0.320833 0.288750 0.148333 0.252500
1 0.784167 0.400000 0.055000 0.095000
1 0.815833 0.168750 0.051667 0.067500
3 0.108333 0.381250 0.063333 0.157500
1 0.131667 0.390000 0.100000 0.125000
3 0.559167 0.665000 0.068333 0.190000
0 0.631667 0.663750 0.093333 0.122500
2 0.762500 0.828750 0.151667 0.192500
0 0.315000 0.438750 0.090000 0.182500
0 0.776667 0.255000 0.103333 0.180000
2 0.117500 0.485000 0.218333 0.230000
