0 0.117500 0.795000 0.115000 0.180000
3 0.081667 0.827500 0.053333 0.055000
3 0.640000 0.055000 0.023333 0.055000
2 0.670000 0.887500 0.083333 0.090000
1 0.227500 0.360000 0.091667 0.125000
0 0.318333 0.670000 0.090000 0.140000
0 0.056667 0.811250 0.100000 0.137500
3 0.776667 0.216250 0.100000 0.102500
0 0.510833 0.351250 0.075000 0.127500
1 0.072500 0.133750 0.038333 0.082500
2 0.204167 0.173750 0.145000 0.177500
3 0.376667 0.452500 0.086667 0.080000
3 0.353333 0.113750 0.040000 0.037500
2 0.777500 0.307500 0.128333 0.185000
2 0.851667 0.172500 0.033333 0.090000
0 0.794167 0.888750 0.091667 0.167500
2 0.875833 0.472500 0.068333 0.075000
2 0.115000 0.072500 0.040000 0.050000
0 0.727500 0.213750 0.058333 0.082500
0 0.634167 0.693750 0.101667 0.227500
0 0.528333 0.882500 0.126667 0.195000
1 0.111667 0.672500 0.096667 0.155000
3 0.549167 0.593750 0.045000 0.102500
1 0.645833 0.517500 0.081667 0.105000
1 0.845833 0.637500 0.095000 0.110000
0 0.594167 0.428750 0.108333 0.162500
3 0.238333 0.786250 0.073333 0.072500
2 0.137500 0.633750 0.051667 0.117500
3 0.273333 0.840000 0.116667 0.100000
2 0.264167 0.788750 0.025000 0.042500
2 0.971667 0.936250 0.036667 0.062500
2 0.727500 0.176250 0.115000 0.217500
2 0.464167 0.612500 0.048333 0.055000
1 0.092500 0.547500 0.035000 0.060000
