2 0.037500 0.682500 0.068333 0.090000
3 0.602500 0.297500 0.098333 0.100000
3 0.614167 0.737500 0.035000 0.050000
0 0.616667 0.728750 0.123333 0.242500
1 0.750833 0.791250 0.101667 0.147500
2 0.728333 0.520000 0.046667 0.070000
1 0.812500 0.268750 0.051667 0.057500
3 0.858333 0.536250 0.073333 0.197500
0 0.441667 0.485000 0.133333 0.200000
1 0.423333 0.367500 0.076667 0.135000
0 0.269167 0.668750 0.135000 0.207500
0 0.537500 0.302500 0.041667 0.060000
3 0.270000 0.433750 0.110000 0.087500
3 0.135833 0.668750 0.118333 0.062500
0 0.080833 0.526250 0.138333 0.157500
3 0.226667 0.223750 0.043333 0.042500
0 0.860000 0.642500 0.093333 0.140000
