3 0.100833 0.746250 0.088333 0.107500
2 0.832500 0.068750 0.035000 0.047500
3 0.203333 0.652500 0.156667 0.170000
2 0.108333 0.903750 0.053333 0.117500
1 0.292500 0.842500 0.068333 0.155000
2 0.294167 0.452500 0.055000 0.080000
0 0.460833 0.746250 0.098333 0.157500
1 0.466667 0.143750 0.066667 0.082500
0 0.394167 0.705000 0.175000 0.235000
0 0.214167 0.596250 0.098333 0.117500
3 0.805000 0.030000 0.026667 0.030000
0 0.097500 0.582500 0.145000 0.225000
2 0.336667 0.200000 0.040000 0.125000
2 0.455000 0.200000 0.076667 0.095000
2 0.849167 0.412500 0.065000 0.120000
3 0.269167 0.113750 0.088333 0.087500
2 0.109167 0.556250 0.038333 0.157500
