3 0.412500 0.630000 0.078333 0.145000
1 0.723333 0.510000 0.110000 0.160000
3 0.940833 0.738750 0.025000 0.037500
3 0.174167 0.743750 0.128333 0.142500
3 0.343333 0.205000 0.013333 0.045000
2 0.375000 0.581250 0.096667 0.232500
0 0.467500 0.752500 0.071667 0.105000
3 0.455000 0.547500 0.043333 0.080000
2 0.423333 0.105000 0.030000 0.035000
0 0.405000 0.562500 0.053333 0.085000
1 0.205000 0.087500 0.086667 0.130000
0 0.530000 0.647500 0.126667 0.200000
2 0.532500 0.910000 0.068333 0.090000
2 0.916667 0.478750 0.030000 0.117500
2 0.528333 0.197500 0.033333 0.080000
3 0.439167 0.285000 0.055000 0.100000
1 0.649167 0.725000 0.138333 0.175000
1 0.844167 0.710000 0.041667 0.060000
1 0.357500 0.120000 0.091667 0.140000
0 0.306667 0.717500 0.120000 0.220000
2 0.252500 0.497500 0.068333 0.105000
2 0.172500 0.277500 0.078333 0.145000
3 0.324167 0.375000 0.081667 0.135000
0 0.650833 0.235000 0.088333 0.135000
1 0.511667 0.287500 0.106667 0.155000
3 0.869167 0.273750 0.111667 0.142500
1 0.200000 0.120000 0.050000 0.100000
1 0.059167 0.341250 0.091667 0.212500
0 0.195833 0.732500 0.151667 0.210000
