0 0.366667 0.246250 0.126667 0.172500
2 0.900000 0.858750 0.160000 0.257500
0 0.751667 0.707500 0.046667 0.055000
1 0.310000 0.826250 0.033333 0.072500
3 0.768333 0.323750 0.050000 0.112500
2 0.196667 0.842500 0.123333 0.145000
0 0.471667 0.246250 0.216667 0.257500
3 0.037500 0.858750 0.048333 0.057500
3 0.744167 0.265000 0.068333 0.125000
0 0.494167 0.156250 0.031667 0.047500
0 0.069167 0.498750 0.081667 0.137500
1 0.678333 0.600000 0.136667 0.150000
1 0.075833 0.896250 0.095000 0.172500
2 0.121667 0.435000 0.073333 0.080000
2 0.883333 0.667500 0.146667 0.155000
3 0.351667 0.597500 0.026667 0.050000
3 0.055833 0.718750 0.108333 0.157500
3 0.117500 0.795000 0.085000 0.170000
1 0.437500 0.492500 0.118333 0.125000
2 0.804167 0.110000 0.128333 0.185000
2 0.756667 0.915000 0.030000 0.045000
1 0.225000 0.168750 0.083333 0.167500
2 0.805000 0.426250 0.043333 0.047500
3 0.045000 0.470000 0.030000 0.040000
1 0.315833 0.171250 0.031667 0.042500
1 0.530833 0.100000 0.035000 0.030000
1 0.225000 0.215000 0.083333 0.110000
