0 0.541667 0.722500 0.160000 0.200000
3 0.766667 0.803750 0.053333 0.092500
1 0.082500 0.195000 0.121667 0.140000
1 0.156667 0.727500 0.026667 0.060000
0 0.257500 0.237500 0.075000 0.150000
2 0.861667 0.945000 0.056667 0.090000
2 0.675833 0.161250 0.061667 0.087500
0 0.796667 0.561250 0.046667 0.087500
3 0.850000 0.540000 0.070000 0.130000
1 0.068333 0.745000 0.123333 0.150000
3 0.308333 0.883750 0.063333 0.097500
1 0.280000 0.442500 0.070000 0.070000
2 0.223333 0.622500 0.053333 0.060000
0 0.204167 0.783750 0.165000 0.247500
0 0.272500 0.895000 0.078333 0.125000
2 0.437500 0.407500 0.168333 0.230000
2 0.400000 0.597500 0.126667 0.210000
3 0.040833 0.225000 0.068333 0.135000
1 0.448333 0.727500 0.120000 0.215000
0 0.415833 0.352500 0.131667 0.190000
1 0.344167 0.208750 0.121667 0.147500
2 0.465833 0.008750 0.038333 0.002500
3 0.871667 0.300000 0.053333 0.195000
3 0.433333 0.477500 0.053333 0.060000
0 0.403333 0.236250 0.136667 0.197500
3 0.722500 0.233750 0.035000 0.037500
3 0.079167 0.295000 0.108333 0.155000
