2 0.118333 0.577500 0.123333 0.130000
1 0.277500 0.227500 0.141667 0.215000
0 0.568333 0.796250 0.063333 0.087500
1 0.535833 0.631250 0.051667 0.082500
1 0.636667 0.172500 0.130000 0.205000
1 0.182500 0.253750 0.045000 0.077500
3 0.454167 0.358750 0.055000 0.032500
0 0.858333 0.440000 0.073333 0.165000
2 0.633333 0.801250 0.106667 0.137500
1 0.492500 0.315000 0.051667 0.075000
3 0.110833 0.715000 0.051667 0.085000
3 0.235833 0.241250 0.038333 0.057500
1 0.927500 0.727500 0.098333 0.150000
3 0.446667 0.828750 0.063333 0.187500
