3 0.908333 0.571250 0.043333 0.082500
1 0.311667 0.426250 0.050000 0.072500
2 0.699167 0.165000 0.091667 0.215000
3 0.668333 0.770000 0.040000 0.055000
1 0.054167 0.765000 0.095000 0.125000
0 0.547500 0.316250 0.201667 0.302500
2 0.139167 0.748750 0.081667 0.152500
1 0.423333 0.585000 0.060000 0.050000
2 0.395833 0.660000 0.095000 0.255000
2 0.115833 0.253750 0.078333 0.127500
2 0.886667 0.105000 0.076667 0.095000
2 0.915000 0.107500 0.046667 0.060000
1 0.078333 0.257500 0.043333 0.100000
2 0.265833 0.470000 0.035000 0.045000
1 0.179167 0.862500 0.071667 0.125000
2 0.290833 0.223750 0.041667 0.072500
3 0.287500 0.505000 0.048333 0.080000
3 0.273333 0.460000 0.083333 0.115000
3 0.308333 0.323750 0.193333 0.207500
2 0.096667 0.706250 0.043333 0.067500
3 0.770000 0.723750 0.106667 0.132500
0 0.091667 0.665000 0.036667 0.060000
3 0.178333 0.550000 0.040000 0.060000
1 0.370000 0.637500 0.030000 0.030000
2 0.443333 0.295000 0.133333 0.160000
3 0.438333 0.285000 0.130000 0.075000
2 0.908333 0.896250 0.046667 0.052500
2 0.370833 0.061250 0.055000 0.062500
3 0.936667 0.707500 0.030000 0.055000
3 0.580000 0.337500 0.033333 0.035000
