2 0.424167 0.825000 0.071667 0.110000
0 0.723333 0.793750 0.060000 0.072500
3 0.711667 0.536250 0.066667 0.092500
3 0.697500 0.327500 0.095000 0.055000
3 0.625000 0.741250 0.073333 0.047500
1 0.695000 0.181250 0.043333 0.057500
2 0.713333 0.708750 0.060000 0.067500
1 0.361667 0.115000 0.026667 0.050000
2 0.364167 0.393750 0.078333 0.072500
0 0.543333 0.790000 0.163333 0.245000
2 0.080000 0.387500 0.053333 0.075000
3 0.795833 0.293750 0.188333 0.187500
0 0.597500 0.841250 0.185000 0.277500
0 0.807500 0.263750 0.098333 0.122500
2 0.639167 0.171250 0.138333 0.177500
1 0.726667 0.486250 0.090000 0.152500
0 0.910000 0.643750 0.036667 0.052500
2 0.850833 0.395000 0.088333 0.150000
1 0.469167 0.202500 0.118333 0.160000
2 0.814167 0.358750 0.121667 0.212500
3 0.832500 0.638750 0.058333 0.147500
0 0.446667 0.810000 0.060000 0.090000
2 0.210000 0.091250 0.066667 0.092500
1 0.146667 0.443750 0.146667 0.147500
2 0.205000 0.853750 0.036667 0.037500
2 0.610833 0.117500 0.121667 0.210000
2 0.541667 0.563750 0.090000 0.157500
1 0.648333 0.766250 0.126667 0.162500
0 0.369167 0.838750 0.108333 0.147500
3 0.741667 0.078750 0.043333 0.072500
2 0.485833 0.362500 0.115000 0.170000
2 0.711667 0.505000 0.123333 0.150000
3 0.675833 0.143750 0.108333 0.127500
3 0.755833 0.270000 0.095000 0.120000
1 0.492500 0.650000 0.098333 0.170000
3 0.226667 0.207500 0.126667 0.125000
0 0.212500 0.071250 0.035000 0.062500
2 0.380000 0.665000 0.033333 0.045000
0 0.050000 0.405000 0.083333 0.125000
0 0.610000 0.291250 0.176667 0.257500
