3 0.885000 0.655000 0.056667 0.100000
3 0.327500 0.095000 0.085000 0.080000
3 0.309167 0.315000 0.118333 0.165000
0 0.242500 0.762500 0.131667 0.195000
1 0.284167 0.401250 0.058333 0.117500
0 0.790000 0.363750 0.126667 0.192500
0 0.200000 0.831250 0.123333 0.157500
1 0.620833 0.543750 0.138333 0.202500
0 0.502500 0.368750 0.048333 0.072500
3 0.145833 0.593750 0.055000 0.117500
1 0.679167 0.655000 0.051667 0.075000
1 0.821667 0.820000 0.053333 0.070000
3 0.501667 0.272500 0.083333 0.180000
3 0.502500 0.520000 0.078333 0.135000
0 0.696667 0.910000 0.063333 0.075000
3 0.328333 0.177500 0.086667 0.115000
1 0.463333 0.617500 0.073333 0.140000
0 0.655833 0.518750 0.141667 0.207500
1 0.688333 0.691250 0.110000 0.142500
1 0.865833 0.841250 0.171667 0.257500
2 0.887500 0.322500 0.085000 0.140000
2 0.080000 0.172500 0.046667 0.130000
1 0.126667 0.832500 0.053333 0.085000
3 0.635000 0.127500 0.053333 0.070000
0 0.279167 0.285000 0.165000 0.240000
1 0.055833 0.722500 0.068333 0.140000
0 0.580000 0.595000 0.113333 0.205000
3 0.713333 0.427500 0.093333 0.140000
2 0.479167 0.610000 0.048333 0.110000
2 0.390833 0.525000 0.131667 0.200000
2 0.741667 0.615000 0.100000 0.140000
1 0.065000 0.817500 0.056667 0.065000
0 0.612500 0.697500 0.158333 0.230000
1 0.047500 0.783750 0.051667 0.092500
1 0.143333 0.166250 0.053333 0.137500
0 0.871667 0.375000 0.130000 0.195000
2 0.195833 0.762500 0.151667 0.140000
1 0.542500 0.173750 0.095000 0.117500
0 0.571667 0.281250 0.126667 0.157500
0 0.499167 0.527500 0.101667 0.175000
3 0.755833 0.362500 0.075000 0.125000
3 0.850000 0.490000 0.120000 0.135000
1 0.915000 0.418750 0.070000 0.062500
1 0.166667 0.303750 0.113333 0.167500
2 0.774167 0.740000 0.058333 0.120000
3 0.498333 0.817500 0.166667 0.180000
2 0.785000 0.845000 0.060000 0.090000
0 0.252500 0.075000 0.078333 0.125000
2 0.475833 0.607500 0.111667 0.115000
