3 0.302500 0.776250 0.155000 0.257500
3 0.141667 0.808750 0.063333 0.067500
0 0.828333 0.830000 0.080000 0.130000
3 0.530000 0.878750 0.033333 0.097500
1 0.365833 0.233750 0.078333 0.137500
3 0.464167 0.821250 0.118333 0.152500
2 0.678333 0.776250 0.116667 0.227500
2 0.566667 0.283750 0.033333 0.052500
1 0.345000 0.127500 0.036667 0.050000
3 0.436667 0.686250 0.106667 0.097500
3 0.190833 0.588750 0.035000 0.077500
0 0.540833 0.220000 0.055000 0.090000
3 0.927500 0.783750 0.081667 0.087500
3 0.660000 0.448750 0.033333 0.092500
1 0.385000 0.875000 0.100000 0.135000
1 0.645000 0.523750 0.106667 0.127500
3 0.067500 0.753750 0.055000 0.047500
