1 0.102500 0.607500 0.138333 0.165000
0 0.422500 0.221250 0.178333 0.217500
2 0.872500 0.735000 0.098333 0.195000
3 0.698333 0.251250 0.070000 0.167500
2 0.510833 0.588750 0.128333 0.162500
3 0.116667 0.521250 0.056667 0.117500
0 0.211667 0.228750 0.053333 0.082500
1 0.532500 0.480000 0.158333 0.185000
1 0.726667 0.676250 0.140000 0.157500
3 0.295000 0.333750 0.086667 0.097500
1 0.168333 0.712500 0.040000 0.035000
0 0.765000 0.432500 0.090000 0.135000
3 0.415833 0.462500 0.075000 0.165000
1 0.855833 0.501250 0.125000 0.167500
3 0.055000 0.445000 0.036667 0.110000
3 0.330000 0.711250 0.116667 0.117500
0 0.450000 0.800000 0.146667 0.215000
0 0.852500 0.393750 0.155000 0.217500
2 0.306667 0.076250 0.056667 0.057500
0 0.212500 0.642500 0.095000 0.150000
3 0.769167 0.482500 0.075000 0.090000
1 0.521667 0.173750 0.030000 0.032500
0 0.539167 0.623750 0.041667 0.072500
1 0.064167 0.696250 0.078333 0.182500
1 0.655833 0.902500 0.061667 0.060000
1 0.842500 0.430000 0.065000 0.130000
0 0.905833 0.671250 0.055000 0.092500
0 0.625000 0.112500 0.090000 0.145000
1 0.150833 0.546250 0.135000 0.177500
2 0.907500 0.705000 0.071667 0.165000
2 0.398333 0.158750 0.126667 0.222500
1 0.148333 0.656250 0.030000 0.062500
1 0.287500 0.512500 0.038333 0.050000
2 0.264167 0.880000 0.005000 0.130000
2 0.740833 0.228750 0.051667 0.042500
0 0.291667 0.256250 0.083333 0.117500
