0 0.230000 0.491250 0.170000 0.262500
0 0.855833 0.718750 0.045000 0.062500
2 0.695000 0.100000 0.130000 0.200000
1 0.066667 0.643750 0.073333 0.162500
0 0.557500 0.562500 0.141667 0.170000
3 0.111667 0.825000 0.110000 0.255000
1 0.403333 0.533750 0.070000 0.092500
1 0.120833 0.706250 0.078333 0.107500
2 0.631667 0.726250 0.020000 0.062500
0 0.617500 0.406250 0.198333 0.287500
2 0.569167 0.390000 0.025000 0.040000
3 0.803333 0.358750 0.073333 0.042500
0 0.267500 0.187500 0.125000 0.190000
1 0.399167 0.295000 0.038333 0.060000
0 0.833333 0.873750 0.040000 0.062500
1 0.668333 0.195000 0.113333 0.135000
3 0.388333 0.731250 0.026667 0.062500
3 0.326667 0.816250 0.060000 0.047500
1 0.922500 0.817500 0.048333 0.065000
3 0.588333 0.477500 0.066667 0.065000
2 0.202500 0.671250 0.108333 0.117500
1 0.570000 0.666250 0.143333 0.212500
1 0.090000 0.180000 0.136667 0.130000
2 0.873333 0.287500 0.093333 0.250000
3 0.275833 0.692500 0.078333 0.085000
2 0.265833 0.410000 0.065000 0.080000
3 0.144167 0.271250 0.061667 0.057500
1 0.685000 0.542500 0.100000 0.115000
3 0.887500 0.228750 0.128333 0.142500
0 0.169167 0.675000 0.155000 0.230000
2 0.398333 0.590000 0.166667 0.275000
3 0.465833 0.482500 0.121667 0.115000
2 0.734167 0.710000 0.115000 0.120000
1 0.585000 0.322500 0.050000 0.075000
1 0.232500 0.492500 0.098333 0.165000
0 0.717500 0.335000 0.118333 0.170000
1 0.766667 0.426250 0.073333 0.152500
2 0.261667 0.120000 0.083333 0.095000
2 0.855000 0.128750 0.066667 0.067500
