1 0.450000 0.200000 0.120000 0.145000
3 0.151667 0.207500 0.103333 0.105000
0 0.296667 0.056250 0.046667 0.077500
2 0.223333 0.410000 0.150000 0.140000
0 0.144167 0.183750 0.128333 0.187500
0 0.770000 0.107500 0.136667 0.205000
0 0.570000 0.127500 0.103333 0.175000
0 0.185000 0.240000 0.126667 0.235000
3 0.832500 0.482500 0.081667 0.165000
1 0.879167 0.110000 0.071667 0.075000
2 0.339167 0.156250 0.105000 0.192500
3 0.255000 0.396250 0.120000 0.157500
2 0.536667 0.377500 0.043333 0.060000
0 0.352500 0.675000 0.098333 0.125000
3 0.742500 0.392500 0.041667 0.145000
0 0.382500 0.505000 0.088333 0.200000
3 0.552500 0.345000 0.028333 0.095000
2 0.335000 0.502500 0.043333 0.060000
3 0.898333 0.823750 0.063333 0.152500
0 0.880000 0.092500 0.100000 0.160000
