2 0.515833 0.648750 0.091667 0.137500
0 0.738333 0.182500 0.043333 0.055000
3 0.860000 0.300000 0.046667 0.175000
2 0.651667 0.080000 0.063333 0.100000
2 0.704167 0.343750 0.055000 0.072500
0 0.578333 0.412500 0.080000 0.135000
0 0.586667 0.698750 0.070000 0.097500
1 0.726667 0.343750 0.100000 0.127500
2 0.177500 0.162500 0.051667 0.080000
2 0.501667 0.255000 0.063333 0.080000
1 0.875833 0.670000 0.121667 0.165000
3 0.215000 0.541250 0.103333 0.122500
3 0.930000 0.715000 0.040000 0.045000
2 0.633333 0.481250 0.050000 0.047500
1 0.202500 0.091250 0.048333 0.097500
1 0.142500 0.076250 0.105000 0.137500
1 0.260000 0.720000 0.120000 0.140000
2 0.179167 0.805000 0.028333 0.055000
1 0.245000 0.333750 0.023333 0.042500
0 0.120000 0.582500 0.080000 0.130000
2 0.096667 0.353750 0.103333 0.207500
3 0.074167 0.278750 0.125000 0.087500
0 0.771667 0.753750 0.120000 0.202500
