1 0.309167 0.553750 0.081667 0.117500
0 0.558333 0.467500 0.106667 0.150000
2 0.769167 0.668750 0.068333 0.082500
0 0.715000 0.385000 0.146667 0.195000
1 0.487500 0.640000 0.088333 0.120000
1 0.575833 0.435000 0.125000 0.210000
0 0.044167 0.885000 0.078333 0.100000
0 0.243333 0.267500 0.140000 0.215000
2 0.660833 0.816250 0.078333 0.127500
0 0.273333 0.142500 0.076667 0.130000
3 0.257500 0.616250 0.048333 0.117500
1 0.709167 0.745000 0.095000 0.180000
0 0.749167 0.958750 0.031667 0.047500
0 0.914167 0.778750 0.045000 0.072500
2 0.816667 0.131250 0.080000 0.247500
3 0.125000 0.355000 0.203333 0.230000
2 0.160000 0.828750 0.046667 0.072500
1 0.585000 0.565000 0.110000 0.210000
2 0.741667 0.487500 0.113333 0.135000
1 0.054167 0.460000 0.095000 0.170000
0 0.655833 0.262500 0.155000 0.255000
0 0.305000 0.272500 0.136667 0.160000
3 0.400833 0.690000 0.128333 0.180000
1 0.535833 0.665000 0.058333 0.080000
0 0.317500 0.460000 0.158333 0.200000
2 0.825000 0.701250 0.080000 0.122500
1 0.529167 0.731250 0.088333 0.172500
2 0.722500 0.648750 0.075000 0.197500
2 0.749167 0.630000 0.111667 0.155000
2 0.853333 0.433750 0.023333 0.107500
1 0.684167 0.678750 0.145000 0.212500
3 0.630000 0.533750 0.106667 0.122500
3 0.635833 0.073750 0.081667 0.147500
