2 0.491667 0.385000 0.040000 0.040000
2 0.559167 0.202500 0.081667 0.135000
3 0.782500 0.577500 0.125000 0.165000
2 0.730833 0.796250 0.061667 0.187500
3 0.636667 0.611250 0.090000 0.257500
1 0.531667 0.115000 0.083333 0.155000
3 0.038333 0.811250 0.070000 0.067500
2 0.702500 0.353750 0.025000 0.042500
1 0.326667 0.487500 0.103333 0.200000
0 0.145833 0.908750 0.048333 0.082500
1 0.242500 0.813750 0.091667 0.172500
3 0.626667 0.083750 0.083333 0.162500
1 0.825000 0.463750 0.116667 0.132500
1 0.053333 0.377500 0.090000 0.165000
3 0.405833 0.322500 0.065000 0.040000
1 0.735000 0.705000 0.096667 0.125000
3 0.530833 0.555000 0.058333 0.160000
0 0.555833 0.643750 0.111667 0.167500
3 0.794167 0.556250 0.115000 0.107500
1 0.762500 0.828750 0.065000 0.117500
3 0.188333 0.300000 0.116667 0.100000
0 0.073333 0.657500 0.136667 0.195000
0 0.728333 0.585000 0.153333 0.225000
2 0.788333 0.661250 0.026667 0.052500
3 0.670833 0.793750 0.115000 0.142500
3 0.870000 0.892500 0.033333 0.075000
3 0.769167 0.933750 0.028333 0.067500
1 0.773333 0.077500 0.090000 0.095000
1 0.102500 0.518750 0.098333 0.137500
1 0.540833 0.727500 0.071667 0.090000
1 0.167500 0.323750 0.085000 0.112500
3 0.505833 0.342500 0.095000 0.080000
3 0.685833 0.766250 0.065000 0.097500
0 0.415000 0.363750 0.176667 0.262500
1 0.493333 0.501250 0.056667 0.062500
3 0.839167 0.081250 0.035000 0.137500
1 0.665000 0.603750 0.063333 0.127500
0 0.243333 0.776250 0.066667 0.092500
0 0.835000 0.412500 0.070000 0.110000
0 0.555000 0.531250 0.146667 0.267500
2 0.325000 0.705000 0.073333 0.040000
1 0.503333 0.558750 0.113333 0.137500
0 0.551667 0.181250 0.090000 0.152500
3 0.564167 0.338750 0.095000 0.147500
