2 0.543333 0.161250 0.133333 0.112500
0 0.503333 0.688750 0.053333 0.062500
0 0.255833 0.148750 0.131667 0.192500
0 0.661667 0.438750 0.156667 0.212500
1 0.369167 0.295000 0.115000 0.200000
0 0.773333 0.756250 0.086667 0.127500
3 0.238333 0.850000 0.033333 0.080000
0 0.693333 0.315000 0.103333 0.120000
3 0.122500 0.766250 0.035000 0.112500
1 0.150000 0.161250 0.046667 0.082500
2 0.279167 0.578750 0.061667 0.087500
0 0.454167 0.113750 0.038333 0.077500
3 0.564167 0.853750 0.051667 0.062500
0 0.374167 0.585000 0.048333 0.070000
1 0.751667 0.416250 0.046667 0.097500
1 0.849167 0.440000 0.141667 0.175000
3 0.466667 0.435000 0.043333 0.050000
2 0.720833 0.365000 0.088333 0.235000
0 0.690000 0.526250 0.073333 0.157500
2 0.781667 0.068750 0.106667 0.127500
3 0.091667 0.150000 0.076667 0.095000
3 0.254167 0.133750 0.098333 0.117500
3 0.450833 0.668750 0.075000 0.062500
3 0.153333 0.247500 0.203333 0.300000
1 0.544167 0.913750 0.045000 0.072500
2 0.497500 0.277500 0.071667 0.095000
0 0.105833 0.255000 0.195000 0.270000
0 0.465833 0.701250 0.125000 0.212500
1 0.541667 0.642500 0.116667 0.210000
2 0.363333 0.855000 0.123333 0.155000
0 0.385000 0.190000 0.120000 0.185000
