2 0.282500 0.730000 0.118333 0.110000
2 0.565000 0.221250 0.100000 0.167500
0 0.154167 0.897500 0.068333 0.100000
1 0.670000 0.305000 0.103333 0.185000
0 0.586667 0.792500 0.110000 0.225000
1 0.126667 0.300000 0.093333 0.165000
2 0.777500 0.750000 0.141667 0.105000
0 0.301667 0.755000 0.150000 0.255000
1 0.731667 0.261250 0.056667 0.082500
0 0.875000 0.171250 0.146667 0.202500
1 0.457500 0.743750 0.035000 0.042500
2 0.309167 0.363750 0.061667 0.232500
2 0.680833 0.787500 0.105000 0.160000
0 0.810000 0.713750 0.116667 0.177500
1 0.638333 0.776250 0.036667 0.047500
0 0.300000 0.598750 0.173333 0.257500
3 0.150833 0.123750 0.021667 0.047500
2 0.102500 0.340000 0.068333 0.100000
0 0.550833 0.140000 0.191667 0.265000
0 0.575000 0.165000 0.040000 0.045000
0 0.394167 0.123750 0.061667 0.087500
3 0.292500 0.900000 0.051667 0.060000
3 0.367500 0.545000 0.055000 0.055000
0 0.666667 0.897500 0.126667 0.150000
0 0.390833 0.433750 0.028333 0.032500
1 0.811667 0.120000 0.116667 0.160000
2 0.799167 0.785000 0.111667 0.195000
1 0.631667 0.836250 0.093333 0.132500
0 0.459167 0.595000 0.095000 0.135000
1 0.296667 0.183750 0.110000 0.137500
1 0.566667 0.600000 0.120000 0.165000
0 0.419167 0.535000 0.121667 0.150000
