1 0.591667 0.416250 0.143333 0.167500
0 0.216667 0.408750 0.143333 0.227500
3 0.760000 0.410000 0.023333 0.060000
2 0.101667 0.748750 0.103333 0.182500
0 0.511667 0.630000 0.136667 0.170000
2 0.072500 0.253750 0.045000 0.057500
0 0.213333 0.757500 0.090000 0.125000
0 0.462500 0.720000 0.145000 0.220000
2 0.735833 0.283750 0.125000 0.217500
1 0.050000 0.605000 0.100000 0.100000
3 0.751667 0.282500 0.073333 0.060000
0 0.215833 0.272500 0.141667 0.220000
0 0.140000 0.107500 0.060000 0.125000
2 0.570833 0.451250 0.131667 0.237500
2 0.374167 0.885000 0.035000 0.070000
3 0.345000 0.490000 0.040000 0.055000
3 0.343333 0.176250 0.093333 0.162500
1 0.460000 0.181250 0.040000 0.062500
1 0.229167 0.072500 0.035000 0.045000
2 0.050833 0.672500 0.068333 0.115000
1 0.918333 0.498750 0.063333 0.147500
2 0.287500 0.872500 0.091667 0.140000
0 0.708333 0.747500 0.056667 0.085000
3 0.662500 0.437500 0.025000 0.065000
3 0.111667 0.696250 0.056667 0.147500
3 0.388333 0.345000 0.046667 0.120000
1 0.799167 0.780000 0.031667 0.070000
1 0.469167 0.161250 0.105000 0.167500
1 0.578333 0.822500 0.083333 0.100000
2 0.481667 0.133750 0.043333 0.067500
3 0.093333 0.216250 0.046667 0.047500
0 0.561667 0.558750 0.100000 0.157500
3 0.920000 0.275000 0.043333 0.045000
1 0.481667 0.552500 0.086667 0.130000
3 0.652500 0.773750 0.058333 0.067500
3 0.240000 0.461250 0.023333 0.042500
2 0.715000 0.536250 0.043333 0.107500
2 0.707500 0.870000 0.115000 0.150000
2 0.601667 0.602500 0.053333 0.040000
0 0.433333 0.367500 0.186667 0.215000
1 0.208333 0.682500 0.030000 0.035000
3 0.777500 0.756250 0.038333 0.047500
0 0.655000 0.751250 0.060000 0.082500
3 0.569167 0.342500 0.105000 0.120000
3 0.123333 0.203750 0.046667 0.047500
2 0.377500 0.775000 0.071667 0.110000
2 0.835000 0.230000 0.043333 0.110000
