2 0.112500 0.512500 0.048333 0.230000
1 0.222500 0.621250 0.045000 0.067500
2 0.615000 0.090000 0.043333 0.055000
2 0.062500 0.462500 0.085000 0.130000
1 0.504167 0.685000 0.048333 0.065000
2 0.410000 0.141250 0.063333 0.152500
1 0.688333 0.640000 0.076667 0.065000
2 0.243333 0.278750 0.240000 0.257500
1 0.419167 0.087500 0.055000 0.135000
3 0.245000 0.375000 0.096667 0.080000
2 0.504167 0.872500 0.031667 0.055000
0 0.293333 0.782500 0.096667 0.165000
3 0.550000 0.186250 0.066667 0.122500
3 0.034167 0.551250 0.055000 0.182500
3 0.145000 0.870000 0.063333 0.115000
0 0.613333 0.312500 0.123333 0.200000
3 0.390000 0.445000 0.046667 0.080000
1 0.864167 0.356250 0.141667 0.187500
3 0.350000 0.540000 0.033333 0.040000
0 0.225000 0.280000 0.173333 0.255000
0 0.355000 0.551250 0.130000 0.222500
0 0.060833 0.525000 0.051667 0.070000
0 0.049167 0.532500 0.031667 0.065000
1 0.872500 0.480000 0.098333 0.175000
3 0.076667 0.098750 0.033333 0.117500
0 0.814167 0.777500 0.081667 0.170000
3 0.195833 0.852500 0.075000 0.060000
2 0.884167 0.315000 0.071667 0.120000
2 0.606667 0.180000 0.136667 0.280000
1 0.046667 0.447500 0.073333 0.145000
1 0.322500 0.602500 0.198333 0.185000
2 0.124167 0.257500 0.118333 0.110000
0 0.666667 0.403750 0.110000 0.182500
2 0.635000 0.251250 0.053333 0.157500
1 0.760833 0.537500 0.118333 0.150000
