2 0.173333 0.507500 0.106667 0.210000
1 0.242500 0.808750 0.111667 0.177500
2 0.250000 0.245000 0.093333 0.080000
1 0.790000 0.087500 0.036667 0.060000
1 0.355000 0.881250 0.033333 0.027500
3 0.425833 0.398750 0.048333 0.082500
0 0.283333 0.596250 0.110000 0.162500
1 0.445833 0.515000 0.065000 0.080000
1 0.895833 0.558750 0.081667 0.092500
1 0.837500 0.597500 0.118333 0.195000
3 0.515833 0.325000 0.041667 0.050000
1 0.745000 0.140000 0.036667 0.045000
2 0.029167 0.195000 0.041667 0.025000
2 0.387500 0.887500 0.041667 0.105000
1 0.659167 0.496250 0.051667 0.122500
0 0.540833 0.690000 0.068333 0.095000
3 0.489167 0.820000 0.028333 0.070000
1 0.838333 0.840000 0.096667 0.125000
2 0.808333 0.412500 0.046667 0.025000
2 0.851667 0.837500 0.253333 0.265000
2 0.705833 0.246250 0.045000 0.097500
0 0.730833 0.413750 0.065000 0.102500
2 0.298333 0.673750 0.130000 0.172500
2 0.218333 0.223750 0.140000 0.252500
0 0.601667 0.740000 0.093333 0.205000
2 0.638333 0.763750 0.133333 0.187500
3 0.745000 0.455000 0.126667 0.125000
3 0.685833 0.557500 0.135000 0.120000
1 0.090833 0.341250 0.121667 0.202500
2 0.691667 0.203750 0.083333 0.262500
1 0.057500 0.583750 0.071667 0.097500
