2 0.311667 0.101250 0.073333 0.107500
1 0.745833 0.316250 0.061667 0.142500
1 0.910833 0.423750 0.091667 0.167500
2 0.717500 0.878750 0.061667 0.067500
0 0.522500 0.378750 0.061667 0.102500
1 0.372500 0.645000 0.061667 0.110000
3 0.154167 0.795000 0.118333 0.125000
1 0.140000 0.197500 0.106667 0.140000
1 0.371667 0.173750 0.080000 0.137500
2 0.270833 0.838750 0.125000 0.152500
0 0.799167 0.781250 0.121667 0.192500
1 0.121667 0.183750 0.126667 0.152500
0 0.191667 0.241250 0.173333 0.202500
0 0.467500 0.611250 0.115000 0.207500
0 0.535833 0.157500 0.061667 0.065000
1 0.452500 0.365000 0.108333 0.160000
0 0.890833 0.262500 0.091667 0.115000
2 0.836667 0.850000 0.123333 0.125000
2 0.271667 0.552500 0.080000 0.230000
1 0.160000 0.671250 0.126667 0.202500
3 0.560833 0.781250 0.051667 0.057500
0 0.440833 0.065000 0.038333 0.060000
0 0.180833 0.112500 0.065000 0.095000
2 0.760833 0.702500 0.068333 0.065000
2 0.120000 0.396250 0.023333 0.047500
3 0.217500 0.266250 0.045000 0.062500
0 0.360000 0.351250 0.050000 0.067500
1 0.791667 0.115000 0.026667 0.065000
2 0.727500 0.042500 0.041667 0.050000
0 0.331667 0.246250 0.146667 0.182500
1 0.131667 0.856250 0.120000 0.162500
2 0.269167 0.391250 0.058333 0.032500
