1 0.794167 0.482500 0.068333 0.085000
2 0.845000 0.071250 0.100000 0.097500
3 0.740000 0.885000 0.033333 0.095000
2 0.752500 0.093750 0.038333 0.067500
1 0.269167 0.655000 0.101667 0.100000
3 0.627500 0.386250 0.105000 0.127500
0 0.407500 0.373750 0.145000 0.232500
3 0.335833 0.863750 0.195000 0.147500
0 0.500833 0.582500 0.041667 0.070000
3 0.050833 0.088750 0.061667 0.107500
1 0.514167 0.526250 0.131667 0.217500
2 0.163333 0.200000 0.173333 0.185000
1 0.375833 0.760000 0.055000 0.070000
0 0.231667 0.351250 0.106667 0.177500
2 0.805000 0.305000 0.070000 0.120000
3 0.361667 0.466250 0.050000 0.062500
1 0.523333 0.481250 0.083333 0.172500
2 0.832500 0.641250 0.155000 0.197500
1 0.700833 0.325000 0.058333 0.110000
1 0.275000 0.281250 0.266667 0.247500
2 0.889167 0.641250 0.125000 0.097500
3 0.802500 0.322500 0.065000 0.105000
1 0.310000 0.297500 0.046667 0.060000
2 0.185000 0.860000 0.063333 0.090000
1 0.792500 0.680000 0.021667 0.055000
0 0.345000 0.696250 0.090000 0.207500
3 0.382500 0.366250 0.058333 0.142500
1 0.276667 0.393750 0.126667 0.177500
0 0.495833 0.921250 0.048333 0.072500
