2 0.246667 0.905000 0.056667 0.085000
1 0.748333 0.585000 0.150000 0.170000
1 0.413333 0.817500 0.140000 0.150000
0 0.651667 0.847500 0.043333 0.075000
3 0.093333 0.195000 0.100000 0.110000
1 0.805833 0.545000 0.078333 0.105000
3 0.952500 0.093750 0.028333 0.042500
1 0.222500 0.520000 0.058333 0.130000
2 0.393333 0.667500 0.040000 0.035000
2 0.191667 0.596250 0.030000 0.072500
3 0.590000 0.831250 0.016667 0.047500
2 0.823333 0.437500 0.123333 0.225000
0 0.289167 0.241250 0.128333 0.187500
0 0.710833 0.640000 0.168333 0.225000
1 0.364167 0.732500 0.078333 0.115000
3 0.103333 0.796250 0.120000 0.102500
3 0.158333 0.146250 0.080000 0.182500
2 0.239167 0.235000 0.148333 0.170000
