1 0.375833 0.871250 0.088333 0.172500
3 0.866667 0.392500 0.113333 0.125000
0 0.150000 0.861250 0.130000 0.197500
2 0.185833 0.741250 0.051667 0.052500
1 0.791667 0.161250 0.083333 0.107500
2 0.045000 0.656250 0.066667 0.087500
2 0.742500 0.312500 0.061667 0.255000
0 0.369167 0.550000 0.155000 0.265000
3 0.380833 0.290000 0.061667 0.200000
2 0.439167 0.232500 0.101667 0.145000
2 0.163333 0.832500 0.136667 0.150000
0 0.530833 0.628750 0.105000 0.237500
1 0.544167 0.721250 0.141667 0.202500
0 0.588333 0.477500 0.110000 0.130000
