3 0.089167 0.117500 0.138333 0.135000
3 0.320000 0.788750 0.083333 0.112500
0 0.842500 0.755000 0.098333 0.160000
1 0.134167 0.830000 0.038333 0.055000
1 0.887500 0.406250 0.118333 0.167500
0 0.505000 0.585000 0.086667 0.115000
3 0.234167 0.046250 0.118333 0.092500
2 0.721667 0.618750 0.160000 0.182500
3 0.429167 0.225000 0.058333 0.055000
2 0.355833 0.595000 0.035000 0.030000
0 0.387500 0.492500 0.141667 0.215000
1 0.890000 0.477500 0.066667 0.105000
3 0.449167 0.655000 0.108333 0.095000
3 0.670000 0.466250 0.116667 0.097500
2 0.260833 0.251250 0.158333 0.237500
1 0.417500 0.192500 0.035000 0.045000
3 0.309167 0.501250 0.098333 0.077500
3 0.714167 0.618750 0.088333 0.152500
1 0.210000 0.378750 0.040000 0.062500
0 0.655000 0.581250 0.093333 0.137500
2 0.213333 0.780000 0.126667 0.185000
1 0.650000 0.285000 0.066667 0.070000
3 0.270000 0.647500 0.050000 0.090000
2 0.365833 0.196250 0.038333 0.057500
0 0.628333 0.515000 0.066667 0.110000
0 0.536667 0.620000 0.070000 0.105000
0 0.694167 0.453750 0.071667 0.112500
3 0.385833 0.632500 0.041667 0.080000
0 0.600833 0.448750 0.101667 0.162500
3 0.756667 0.336250 0.113333 0.112500
2 0.921667 0.328750 0.080000 0.067500
1 0.470833 0.617500 0.055000 0.070000
1 0.385833 0.632500 0.118333 0.210000
0 0.654167 0.692500 0.048333 0.060000
1 0.049167 0.558750 0.088333 0.117500
1 0.926667 0.242500 0.046667 0.065000
3 0.523333 0.438750 0.120000 0.157500
2 0.315833 0.115000 0.101667 0.150000
2 0.135000 0.450000 0.043333 0.100000
1 0.740833 0.126250 0.115000 0.157500
2 0.767500 0.793750 0.091667 0.097500
0 0.082500 0.100000 0.085000 0.125000
3 0.836667 0.622500 0.106667 0.140000
2 0.475833 0.165000 0.071667 0.170000
2 0.740000 0.312500 0.123333 0.115000
1 0.668333 0.107500 0.026667 0.055000
2 0.255833 0.577500 0.075000 0.190000
3 0.437500 0.262500 0.081667 0.100000
2 0.671667 0.856250 0.116667 0.097500
