0 0.633333 0.075000 0.040000 0.060000
3 0.795000 0.261250 0.080000 0.142500
3 0.773333 0.816250 0.020000 0.032500
1 0.645833 0.363750 0.111667 0.202500
0 0.370833 0.325000 0.108333 0.180000
0 0.800833 0.138750 0.058333 0.087500
0 0.188333 0.173750 0.133333 0.187500
3 0.202500 0.106250 0.098333 0.167500
1 0.465833 0.448750 0.071667 0.137500
0 0.354167 0.162500 0.055000 0.115000
0 0.586667 0.531250 0.123333 0.167500
3 0.946667 0.452500 0.046667 0.040000
1 0.340833 0.273750 0.131667 0.187500
2 0.556667 0.215000 0.170000 0.250000
0 0.095000 0.647500 0.046667 0.070000
2 0.422500 0.937500 0.035000 0.030000
2 0.826667 0.692500 0.126667 0.130000
0 0.863333 0.061250 0.066667 0.082500
2 0.099167 0.082500 0.078333 0.165000
3 0.202500 0.755000 0.051667 0.100000
3 0.356667 0.585000 0.090000 0.100000
2 0.318333 0.501250 0.086667 0.202500
1 0.095000 0.088750 0.103333 0.162500
3 0.389167 0.823750 0.055000 0.072500
2 0.344167 0.052500 0.018333 0.055000
0 0.402500 0.250000 0.121667 0.200000
2 0.540000 0.497500 0.136667 0.185000
