0 0.056667 0.692500 0.083333 0.105000
3 0.405000 0.268750 0.053333 0.117500
2 0.123333 0.758750 0.106667 0.117500
0 0.614167 0.778750 0.065000 0.097500
3 0.875000 0.045000 0.040000 0.045000
3 0.252500 0.600000 0.065000 0.150000
2 0.794167 0.170000 0.035000 0.040000
1 0.090000 0.418750 0.103333 0.117500
2 0.845833 0.768750 0.141667 0.242500
0 0.664167 0.696250 0.055000 0.082500
1 0.888333 0.803750 0.076667 0.122500
3 0.616667 0.403750 0.060000 0.087500
3 0.681667 0.708750 0.103333 0.157500
1 0.362500 0.280000 0.088333 0.155000
