1 0.182500 0.503750 0.128333 0.212500
3 0.795833 0.882500 0.028333 0.045000
0 0.829167 0.112500 0.081667 0.155000
0 0.407500 0.215000 0.035000 0.040000
2 0.379167 0.832500 0.031667 0.030000
2 0.796667 0.777500 0.150000 0.200000
1 0.616667 0.340000 0.110000 0.180000
3 0.390833 0.581250 0.131667 0.137500
3 0.074167 0.475000 0.025000 0.060000
1 0.328333 0.815000 0.140000 0.175000
3 0.392500 0.157500 0.128333 0.110000
1 0.420833 0.780000 0.131667 0.195000
3 0.646667 0.257500 0.070000 0.055000
0 0.572500 0.781250 0.131667 0.212500
1 0.427500 0.383750 0.175000 0.197500
1 0.190000 0.780000 0.073333 0.090000
