2 0.062500 0.236250 0.078333 0.092500
2 0.078333 0.348750 0.040000 0.032500
0 0.167500 0.743750 0.141667 0.212500
3 0.243333 0.121250 0.026667 0.027500
1 0.883333 0.868750 0.096667 0.112500
3 0.645833 0.162500 0.031667 0.070000
1 0.428333 0.317500 0.063333 0.095000
3 0.657500 0.835000 0.048333 0.085000
3 0.438333 0.616250 0.056667 0.037500
0 0.098333 0.757500 0.163333 0.230000
1 0.841667 0.506250 0.106667 0.132500
0 0.793333 0.375000 0.140000 0.220000
2 0.056667 0.747500 0.113333 0.205000
3 0.778333 0.538750 0.076667 0.087500
2 0.452500 0.108750 0.055000 0.092500
3 0.840000 0.715000 0.040000 0.130000
1 0.155000 0.842500 0.043333 0.040000
0 0.225833 0.790000 0.118333 0.195000
0 0.260000 0.230000 0.130000 0.185000
1 0.542500 0.062500 0.045000 0.050000
1 0.490000 0.352500 0.083333 0.125000
1 0.906667 0.377500 0.106667 0.150000
0 0.445833 0.613750 0.095000 0.142500
3 0.269167 0.207500 0.058333 0.055000
1 0.231667 0.180000 0.116667 0.205000
3 0.493333 0.801250 0.126667 0.102500
2 0.263333 0.342500 0.143333 0.150000
3 0.309167 0.086250 0.098333 0.092500
3 0.622500 0.633750 0.115000 0.107500
3 0.866667 0.237500 0.090000 0.130000
0 0.628333 0.785000 0.136667 0.190000
1 0.652500 0.552500 0.048333 0.055000
2 0.101667 0.357500 0.076667 0.135000
0 0.597500 0.273750 0.115000 0.162500
2 0.923333 0.921250 0.046667 0.042500
3 0.357500 0.233750 0.028333 0.042500
2 0.085000 0.236250 0.093333 0.112500
1 0.180000 0.405000 0.060000 0.070000
1 0.622500 0.783750 0.081667 0.072500
2 0.818333 0.492500 0.086667 0.105000
3 0.257500 0.152500 0.141667 0.160000
3 0.370000 0.155000 0.056667 0.120000
3 0.840000 0.166250 0.056667 0.082500
2 0.250833 0.420000 0.115000 0.080000
1 0.301667 0.606250 0.076667 0.097500
3 0.119167 0.795000 0.191667 0.255000
2 0.376667 0.365000 0.080000 0.095000
3 0.180000 0.247500 0.100000 0.170000
