3 0.360833 0.653750 0.118333 0.127500
0 0.239167 0.228750 0.165000 0.242500
3 0.224167 0.536250 0.021667 0.077500
0 0.245000 0.878750 0.083333 0.122500
0 0.375000 0.137500 0.043333 0.075000
3 0.925833 0.612500 0.065000 0.065000
3 0.242500 0.681250 0.161667 0.237500
1 0.694167 0.642500 0.151667 0.190000
3 0.921667 0.535000 0.076667 0.115000
1 0.250000 0.711250 0.066667 0.072500
1 0.290000 0.093750 0.063333 0.067500
0 0.436667 0.426250 0.123333 0.157500
2 0.134167 0.333750 0.051667 0.097500
2 0.764167 0.447500 0.048333 0.045000
1 0.119167 0.633750 0.095000 0.172500
1 0.907500 0.385000 0.031667 0.030000
0 0.130000 0.718750 0.066667 0.092500
2 0.770000 0.538750 0.063333 0.072500
1 0.818333 0.398750 0.123333 0.107500
