0 0.899167 0.436250 0.145000 0.172500
2 0.594167 0.647500 0.035000 0.040000
3 0.395000 0.085000 0.030000 0.105000
0 0.790000 0.220000 0.043333 0.070000
2 0.137500 0.950000 0.031667 0.055000
0 0.523333 0.075000 0.073333 0.110000
1 0.748333 0.697500 0.076667 0.075000
1 0.654167 0.183750 0.061667 0.112500
0 0.842500 0.303750 0.005000 0.292500
2 0.530000 0.425000 0.056667 0.045000
0 0.830000 0.341250 0.153333 0.242500
0 0.800833 0.318750 0.075000 0.112500
0 0.571667 0.667500 0.093333 0.155000
1 0.758333 0.355000 0.126667 0.155000
2 0.175833 0.608750 0.001667 0.062500
2 0.449167 0.826250 0.075000 0.112500
1 0.380000 0.731250 0.140000 0.212500
3 0.302500 0.726250 0.108333 0.092500
0 0.235833 0.755000 0.131667 0.175000
1 0.451667 0.887500 0.113333 0.170000
0 0.917500 0.173750 0.135000 0.202500
0 0.196667 0.295000 0.063333 0.100000
0 0.793333 0.490000 0.106667 0.125000
0 0.790000 0.057500 0.070000 0.105000
3 0.744167 0.536250 0.065000 0.037500
3 0.589167 0.340000 0.075000 0.085000
1 0.410833 0.067500 0.088333 0.120000
0 0.733333 0.898750 0.050000 0.082500
0 0.249167 0.907500 0.061667 0.090000
3 0.300000 0.290000 0.063333 0.150000
0 0.692500 0.295000 0.141667 0.185000
0 0.860833 0.723750 0.148333 0.177500
