3 0.319167 0.653750 0.055000 0.117500
1 0.228333 0.177500 0.080000 0.105000
1 0.230000 0.525000 0.086667 0.100000
0 0.495833 0.761250 0.155000 0.192500
3 0.206667 0.468750 0.113333 0.132500
3 0.515000 0.177500 0.123333 0.115000
0 0.715000 0.485000 0.080000 0.115000
0 0.636667 0.567500 0.046667 0.100000
0 0.409167 0.153750 0.141667 0.227500
1 0.422500 0.192500 0.135000 0.180000
3 0.100000 0.927500 0.053333 0.070000
1 0.356667 0.925000 0.033333 0.050000
0 0.104167 0.205000 0.141667 0.215000
2 0.780000 0.762500 0.043333 0.065000
1 0.892500 0.430000 0.058333 0.065000
0 0.449167 0.291250 0.065000 0.112500
3 0.172500 0.246250 0.061667 0.132500
3 0.439167 0.626250 0.138333 0.232500
0 0.490833 0.516250 0.068333 0.092500
0 0.111667 0.462500 0.143333 0.195000
3 0.559167 0.646250 0.028333 0.067500
1 0.873333 0.740000 0.153333 0.200000
1 0.749167 0.127500 0.151667 0.170000
0 0.308333 0.918750 0.063333 0.077500
3 0.523333 0.063750 0.040000 0.097500
2 0.350833 0.690000 0.098333 0.180000
1 0.464167 0.152500 0.028333 0.040000
2 0.270000 0.146250 0.133333 0.197500
0 0.589167 0.522500 0.115000 0.195000
3 0.516667 0.655000 0.060000 0.105000
0 0.194167 0.661250 0.105000 0.177500
2 0.478333 0.803750 0.100000 0.232500
0 0.404167 0.405000 0.095000 0.135000
3 0.580000 0.655000 0.253333 0.215000
0 0.076667 0.632500 0.040000 0.065000
0 0.840833 0.601250 0.088333 0.102500
0 0.275833 0.803750 0.145000 0.217500
3 0.177500 0.248750 0.051667 0.077500
0 0.554167 0.443750 0.098333 0.167500
2 0.800833 0.213750 0.098333 0.147500
3 0.720000 0.636250 0.140000 0.147500
2 0.351667 0.297500 0.103333 0.135000
3 0.935833 0.256250 0.038333 0.027500
2 0.582500 0.695000 0.108333 0.210000
