3 0.465833 0.527500 0.098333 0.150000
1 0.648333 0.611250 0.056667 0.077500
1 0.865000 0.195000 0.070000 0.125000
3 0.608333 0.510000 0.130000 0.105000
2 0.745833 0.138750 0.101667 0.112500
1 0.632500 0.672500 0.138333 0.195000
0 0.907500 0.337500 0.075000 0.110000
0 0.355000 0.615000 0.130000 0.215000
2 0.379167 0.221250 0.048333 0.052500
0 0.794167 0.547500 0.078333 0.110000
1 0.722500 0.747500 0.071667 0.085000
2 0.251667 0.687500 0.100000 0.145000
1 0.715000 0.426250 0.100000 0.112500
3 0.887500 0.685000 0.021667 0.045000
